


A.  .Four_bar_2.Last_Run.theta_2.Q (deg)
B.  .Four_bar_2.Last_Run.transmission_angle.Q (deg)

       A               B         
 3.045349E+00    5.836517E+01   
 2.647447E+00    5.800965E+01   
 2.242275E+00    5.771774E+01   
 1.831041E+00    5.749067E+01   
 1.414992E+00    5.732939E+01   
 9.954053E-01    5.723458E+01   
 5.735830E-01    5.720666E+01   
 1.508408E-01    5.724571E+01   
-2.714988E-01    5.735156E+01   
-6.921165E-01    5.752373E+01   
-1.109704E+00    5.776147E+01   
-1.522973E+00    5.806374E+01   
-1.930664E+00    5.842928E+01   
-2.331553E+00    5.885658E+01   
-2.724460E+00    5.934393E+01   
-3.108253E+00    5.988943E+01   
-3.481859E+00    6.049104E+01   
-3.844265E+00    6.114658E+01   
-4.194521E+00    6.185375E+01   
-4.531750E+00    6.261019E+01   
-4.855143E+00    6.341348E+01   
-5.163967E+00    6.426115E+01   
-5.457563E+00    6.515070E+01   
-5.735347E+00    6.607965E+01   
-5.996807E+00    6.704550E+01   
-6.241509E+00    6.804579E+01   
-6.469086E+00    6.907808E+01   
-6.679245E+00    7.013996E+01   
-6.871757E+00    7.122906E+01   
-7.046459E+00    7.234305E+01   
-7.203249E+00    7.347966E+01   
-7.342084E+00    7.463663E+01   
-7.462973E+00    7.581178E+01   
-7.565977E+00    7.700295E+01   
-7.651205E+00    7.820803E+01   
-7.718808E+00    7.942494E+01   
-7.768978E+00    8.065164E+01   
-7.801944E+00    8.188612E+01   
-7.817966E+00    8.312638E+01   
-7.817336E+00    8.437046E+01   
-7.800372E+00    8.561641E+01   
-7.767414E+00    8.686229E+01   
-7.718826E+00    8.810618E+01   
-7.654989E+00    8.934615E+01   
-7.576300E+00    9.058027E+01   
-7.483169E+00    9.180663E+01   
-7.376019E+00    9.302327E+01   
-7.255282E+00    9.422825E+01   
-7.121399E+00    9.541961E+01   
-6.974817E+00    9.659537E+01   
-6.815988E+00    9.775353E+01   
-6.645369E+00    9.889206E+01   
-6.463418E+00    1.000089E+02   
-6.270596E+00    1.011021E+02   
-6.067366E+00    1.021694E+02   
-5.854189E+00    1.032088E+02   
-5.631529E+00    1.042182E+02   
-5.399845E+00    1.051954E+02   
-5.159599E+00    1.061382E+02   
-4.911248E+00    1.070447E+02   
-4.655248E+00    1.079125E+02   
-4.392054E+00    1.087395E+02   
-4.122118E+00    1.095238E+02   
-3.845888E+00    1.102632E+02   
-3.563813E+00    1.109556E+02   
-3.276336E+00    1.115992E+02   
-2.983900E+00    1.121922E+02   
-2.686944E+00    1.127326E+02   
-2.385905E+00    1.132189E+02   
-2.081221E+00    1.136495E+02   
-1.773322E+00    1.140231E+02   
-1.462643E+00    1.143385E+02   
-1.149611E+00    1.145945E+02   
-8.346571E-01    1.147903E+02   
-5.182078E-01    1.149253E+02   
-2.006902E-01    1.149990E+02   
 1.174698E-01    1.150111E+02   
 4.358463E-01    1.149617E+02   
 7.540138E-01    1.148509E+02   
 1.071547E+00    1.146792E+02   
 1.388019E+00    1.144471E+02   
 1.703003E+00    1.141555E+02   
 2.016072E+00    1.138053E+02   
 2.326798E+00    1.133978E+02   
 2.634749E+00    1.129342E+02   
 2.939495E+00    1.124162E+02   
 3.240602E+00    1.118452E+02   
 3.537634E+00    1.112231E+02   
 3.830155E+00    1.105516E+02   
 4.117724E+00    1.098328E+02   
 4.399899E+00    1.090685E+02   
 4.676236E+00    1.082608E+02   
 4.946289E+00    1.074118E+02   
 5.209606E+00    1.065236E+02   
 5.465738E+00    1.055983E+02   
 5.714229E+00    1.046380E+02   
 5.954624E+00    1.036448E+02   
 6.186464E+00    1.026209E+02   
 6.409289E+00    1.015684E+02   
 6.622638E+00    1.004893E+02   
 6.826049E+00    9.938568E+01   
 7.019060E+00    9.825963E+01   
 7.201209E+00    9.711315E+01   
 7.372034E+00    9.594821E+01   
 7.531076E+00    9.476682E+01   
 7.677880E+00    9.357090E+01   
 7.811993E+00    9.236241E+01   
 7.932967E+00    9.114327E+01   
 8.040363E+00    8.991537E+01   
 8.133747E+00    8.868064E+01   
 8.212697E+00    8.744095E+01   
 8.276802E+00    8.619822E+01   
 8.325664E+00    8.495434E+01   
 8.358903E+00    8.371122E+01   
 8.376155E+00    8.247080E+01   
 8.377078E+00    8.123500E+01   
 8.361355E+00    8.000580E+01   
 8.328693E+00    7.878519E+01   
 8.278831E+00    7.757520E+01   
 8.211540E+00    7.637788E+01   
 8.126627E+00    7.519534E+01   
 8.023940E+00    7.402972E+01   
 7.903370E+00    7.288321E+01   
 7.764855E+00    7.175804E+01   
 7.608383E+00    7.065649E+01   
 7.433999E+00    6.958090E+01   
 7.241803E+00    6.853363E+01   
 7.031956E+00    6.751711E+01   
 6.804686E+00    6.653380E+01   
 6.560286E+00    6.558618E+01   
 6.299120E+00    6.467676E+01   
 6.021623E+00    6.380808E+01   
 5.728303E+00    6.298265E+01   
 5.419744E+00    6.220299E+01   
 5.096604E+00    6.147156E+01   
 4.759615E+00    6.079080E+01   
 4.409583E+00    6.016304E+01   
 4.047385E+00    5.959053E+01   
 3.673970E+00    5.907540E+01   
 3.290348E+00    5.861961E+01   
 2.897594E+00    5.822497E+01   
 2.496837E+00    5.789306E+01   
 2.089257E+00    5.762525E+01   
 1.676076E+00    5.742266E+01   
 1.258554E+00    5.728616E+01   
 8.379786E-01    5.721631E+01   
 4.156580E-01    5.721341E+01   
-7.088484E-03    5.727747E+01   
-4.289387E-01    5.740817E+01   
-8.485763E-01    5.760494E+01   
-1.264700E+00    5.786693E+01   
-1.676030E+00    5.819300E+01   
-2.081321E+00    5.858181E+01   
-2.479362E+00    5.903175E+01   
-2.868993E+00    5.954106E+01   
-3.249103E+00    6.010778E+01   
-3.618639E+00    6.072980E+01   
-3.976612E+00    6.140490E+01   
-4.322099E+00    6.213077E+01   
-4.654249E+00    6.290500E+01   
-4.972280E+00    6.372516E+01   
-5.275487E+00    6.458877E+01   
-5.563239E+00    6.549333E+01   
-5.834979E+00    6.643636E+01   
-6.090225E+00    6.741537E+01   
-6.328566E+00    6.842790E+01   
-6.549666E+00    6.947153E+01   
-6.753254E+00    7.054385E+01   
-6.939127E+00    7.164252E+01   
-7.107145E+00    7.276523E+01   
-7.257228E+00    7.390971E+01   
-7.389353E+00    7.507373E+01   
-7.503549E+00    7.625511E+01   
-7.599896E+00    7.745173E+01   
-7.678518E+00    7.866147E+01   
-7.739583E+00    7.988228E+01   
-7.783296E+00    8.111211E+01   
-7.809899E+00    8.234898E+01   
-7.819663E+00    8.359090E+01   
-7.812891E+00    8.483590E+01   
-7.789909E+00    8.608206E+01   
-7.751068E+00    8.732742E+01   
-7.696736E+00    8.857007E+01   
-7.627302E+00    8.980808E+01   
-7.543168E+00    9.103953E+01   
-7.444749E+00    9.226248E+01   
-7.332471E+00    9.347499E+01   
-7.206770E+00    9.467511E+01   
-7.068089E+00    9.586088E+01   
-6.916878E+00    9.703029E+01   
-6.753590E+00    9.818136E+01   
-6.578682E+00    9.931204E+01   
-6.392615E+00    1.004203E+02   
-6.195850E+00    1.015040E+02   
-5.988849E+00    1.025612E+02   
-5.772075E+00    1.035896E+02   
-5.545989E+00    1.045872E+02   
-5.311052E+00    1.055518E+02   
-5.067724E+00    1.064813E+02   
-4.816461E+00    1.073736E+02   
-4.557721E+00    1.082264E+02   
-4.291954E+00    1.090377E+02   
-4.019614E+00    1.098054E+02   
-3.741148E+00    1.105275E+02   
-3.457003E+00    1.112019E+02   
-3.167621E+00    1.118268E+02   
-2.873444E+00    1.124003E+02   
-2.574912E+00    1.129207E+02   
-2.272460E+00    1.133864E+02   
-1.966524E+00    1.137959E+02   
-1.657536E+00    1.141478E+02   
-1.345927E+00    1.144411E+02   
-1.032128E+00    1.146747E+02   
-7.165648E-01    1.148479E+02   
-3.996664E-01    1.149600E+02   
-8.185893E-02    1.150107E+02   
 2.364318E-01    1.149999E+02   
 5.547800E-01    1.149275E+02   
 8.727602E-01    1.147939E+02   
 1.189946E+00    1.145995E+02   
 1.505913E+00    1.143450E+02   
 1.820232E+00    1.140314E+02   
 2.132475E+00    1.136597E+02   
 2.442215E+00    1.132311E+02   
 2.749019E+00    1.127470E+02   
 3.052456E+00    1.122089E+02   
 3.352091E+00    1.116187E+02   
 3.647489E+00    1.109779E+02   
 3.938211E+00    1.102885E+02   
 4.223816E+00    1.095524E+02   
 4.503862E+00    1.087717E+02   
 4.777904E+00    1.079483E+02   
 5.045492E+00    1.070844E+02   
 5.306178E+00    1.061821E+02   
 5.559508E+00    1.052434E+02   
 5.805027E+00    1.042706E+02   
 6.042279E+00    1.032657E+02   
 6.270804E+00    1.022309E+02   
 6.490142E+00    1.011682E+02   
 6.699832E+00    1.000797E+02   
 6.899411E+00    9.896744E+01   
 7.088417E+00    9.783352E+01   
 7.266389E+00    9.667991E+01   
 7.432865E+00    9.550860E+01   
 7.587388E+00    9.432155E+01   
 7.729502E+00    9.312071E+01   
 7.858757E+00    9.190801E+01   
 7.974709E+00    9.068537E+01   
 8.076919E+00    8.945470E+01   
 8.164959E+00    8.821789E+01   
 8.238409E+00    8.697685E+01   
 8.296864E+00    8.573346E+01   
 8.339932E+00    8.448965E+01   
 8.367239E+00    8.324731E+01   
 8.378428E+00    8.200838E+01   
 8.373167E+00    8.077482E+01   
 8.351147E+00    7.954859E+01   
 8.312087E+00    7.833171E+01   
 8.255738E+00    7.712622E+01   
 8.181882E+00    7.593417E+01   
 8.090344E+00    7.475770E+01   
 7.980985E+00    7.359896E+01   
 7.853714E+00    7.246016E+01   
 7.708488E+00    7.134355E+01   
 7.545315E+00    7.025142E+01   
 7.364260E+00    6.918613E+01   
 7.165446E+00    6.815007E+01   
 6.949059E+00    6.714567E+01   
 6.715350E+00    6.617540E+01   
 6.464639E+00    6.524176E+01   
 6.197316E+00    6.434727E+01   
 5.913843E+00    6.349445E+01   
 5.614757E+00    6.268583E+01   
 5.300669E+00    6.192391E+01   
 4.972264E+00    6.121113E+01   
 4.630303E+00    6.054990E+01   
 4.275618E+00    5.994253E+01   
 3.909115E+00    5.939122E+01   
 3.531764E+00    5.889805E+01   
 3.144601E+00    5.846491E+01   
 2.748722E+00    5.809353E+01   
 2.345274E+00    5.778542E+01   
 1.935456E+00    5.754187E+01   
 1.520504E+00    5.736389E+01   
 1.101689E+00    5.725224E+01   
 6.803081E-01    5.720739E+01   
 2.576736E-01    5.722952E+01   
-1.648926E-01    5.731853E+01   
-5.860695E-01    5.747400E+01   
-1.004545E+00    5.769526E+01   
-1.419026E+00    5.798133E+01   
-1.828243E+00    5.833102E+01   
-2.230964E+00    5.874287E+01   
-2.625997E+00    5.921522E+01   
-3.012197E+00    5.974621E+01   
-3.388475E+00    6.033385E+01   
-3.753803E+00    6.097597E+01   
-4.107215E+00    6.167031E+01   
-4.447814E+00    6.241454E+01   
-4.774776E+00    6.320622E+01   
-5.087347E+00    6.404291E+01   
-5.384849E+00    6.492211E+01   
-5.666679E+00    6.584134E+01   
-5.932308E+00    6.679810E+01   
-6.181281E+00    6.778992E+01   
-6.413216E+00    6.881435E+01   
-6.627800E+00    6.986898E+01   
-6.824789E+00    7.095142E+01   
-7.004003E+00    7.205934E+01   
-7.165326E+00    7.319045E+01   
-7.308699E+00    7.434248E+01   
-7.434118E+00    7.551325E+01   
-7.541633E+00    7.670057E+01   
-7.631340E+00    7.790233E+01   
-7.703380E+00    7.911645E+01   
-7.757935E+00    8.034087E+01   
-7.795225E+00    8.157357E+01   
-7.815502E+00    8.281255E+01   
-7.819051E+00    8.405585E+01   
-7.806182E+00    8.530151E+01   
-7.777232E+00    8.654759E+01   
-7.732559E+00    8.779217E+01   
-7.672538E+00    8.903331E+01   
-7.597563E+00    9.026909E+01   
-7.508042E+00    9.149759E+01   
-7.404394E+00    9.271687E+01   
-7.287049E+00    9.392498E+01   
-7.156446E+00    9.511997E+01   
-7.013030E+00    9.629986E+01   
-6.857253E+00    9.746265E+01   
-6.689569E+00    9.860634E+01   
-6.510438E+00    9.972888E+01   
-6.320319E+00    1.008282E+02   
-6.119675E+00    1.019023E+02   
-5.908968E+00    1.029489E+02   
-5.688661E+00    1.039661E+02   
-5.459214E+00    1.049516E+02   
-5.221088E+00    1.059034E+02   
-4.974741E+00    1.068192E+02   
-4.720631E+00    1.076969E+02   
-4.459212E+00    1.085345E+02   
-4.190937E+00    1.093298E+02   
-3.916255E+00    1.100807E+02   
-3.635615E+00    1.107852E+02   
-3.349461E+00    1.114413E+02   
-3.058236E+00    1.120472E+02   
-2.762381E+00    1.126011E+02   
-2.462333E+00    1.131012E+02   
-2.158529E+00    1.135461E+02   
-1.851402E+00    1.139342E+02   
-1.541384E+00    1.142643E+02   
-1.228907E+00    1.145354E+02   
-9.143978E-01    1.147465E+02   
-5.982860E-01    1.148969E+02   
-2.809981E-01    1.149861E+02   
 3.703978E-02    1.150139E+02   
 3.554018E-01    1.149800E+02   
 6.736623E-01    1.148847E+02   
 9.913957E-01    1.147283E+02   
 1.308176E+00    1.145114E+02   
 1.623577E+00    1.142347E+02   
 1.937170E+00    1.138992E+02   
 2.248528E+00    1.135061E+02   
 2.557222E+00    1.130566E+02   
 2.862818E+00    1.125521E+02   
 3.164886E+00    1.119944E+02   
 3.462989E+00    1.113850E+02   
 3.756691E+00    1.107259E+02   
 4.045553E+00    1.100188E+02   
 4.329133E+00    1.092658E+02   
 4.606987E+00    1.084689E+02   
 4.878670E+00    1.076301E+02   
 5.143732E+00    1.067516E+02   
 5.401722E+00    1.058355E+02   
 5.652187E+00    1.048838E+02   
 5.894671E+00    1.038987E+02   
 6.128715E+00    1.028824E+02   
 6.353862E+00    1.018369E+02   
 6.569649E+00    1.007643E+02   
 6.775615E+00    9.966674E+01   
 6.971297E+00    9.854617E+01   
 7.156234E+00    9.740466E+01   
 7.329964E+00    9.624420E+01   
 7.492027E+00    9.506678E+01   
 7.641966E+00    9.387435E+01   
 7.779328E+00    9.266886E+01   
 7.903664E+00    9.145222E+01   
 8.014532E+00    9.022636E+01   
 8.111497E+00    8.899317E+01   
 8.194133E+00    8.775456E+01   
 8.262027E+00    8.651242E+01   
 8.314778E+00    8.526865E+01   
 8.351999E+00    8.402516E+01   
 8.373324E+00    8.278387E+01   
 8.378405E+00    8.154672E+01   
 8.366916E+00    8.031566E+01   
 8.338560E+00    7.909269E+01   
 8.293067E+00    7.787983E+01   
 8.230200E+00    7.667911E+01   
 8.149755E+00    7.549264E+01   
 8.051572E+00    7.432254E+01   
 7.935528E+00    7.317099E+01   
 7.801551E+00    7.204021E+01   
 7.649615E+00    7.093247E+01   
 7.479749E+00    6.985010E+01   
 7.292041E+00    6.879545E+01   
 7.086635E+00    6.777093E+01   
 6.863743E+00    6.677899E+01   
 6.623640E+00    6.582212E+01   
 6.366672E+00    6.490281E+01   
 6.093256E+00    6.402359E+01   
 5.803883E+00    6.318700E+01   
 5.499115E+00    6.239553E+01   
 5.179593E+00    6.165169E+01   
 4.846030E+00    6.095790E+01   
 4.499213E+00    6.031653E+01   
 4.140003E+00    5.972986E+01   
 3.769329E+00    5.920003E+01   
 3.388188E+00    5.872908E+01   
 2.997637E+00    5.831882E+01   
 2.598792E+00    5.797092E+01   
 2.192822E+00    5.768680E+01   
 1.780938E+00    5.746764E+01   
 1.364393E+00    5.731437E+01   
 9.444663E-01    5.722765E+01   
 5.224625E-01    5.720782E+01   
 9.969871E-02    5.725497E+01   
-3.225027E-01    5.736888E+01   
-7.428230E-01    5.754902E+01   
-1.159956E+00    5.779463E+01   
-1.572617E+00    5.810463E+01   
-1.979549E+00    5.847772E+01   
-2.379534E+00    5.891238E+01   
-2.771397E+00    5.940687E+01   
-3.154014E+00    5.995927E+01   
-3.526318E+00    6.056753E+01   
-3.887303E+00    6.122943E+01   
-4.236028E+00    6.194269E+01   
-4.571624E+00    6.270493E+01   
-4.893293E+00    6.351372E+01   
-5.200308E+00    6.436659E+01   
-5.492021E+00    6.526104E+01   
-5.767855E+00    6.619458E+01   
-6.027310E+00    6.716473E+01   
-6.269958E+00    6.816902E+01   
-6.495442E+00    6.920502E+01   
-6.703477E+00    7.027032E+01   
-6.893842E+00    7.136255E+01   
-7.066381E+00    7.247940E+01   
-7.221001E+00    7.361859E+01   
-7.357662E+00    7.477788E+01   
-7.476383E+00    7.595508E+01   
-7.577230E+00    7.714804E+01   
-7.660317E+00    7.835467E+01   
-7.725800E+00    7.957287E+01   
-7.773876E+00    8.080062E+01   
-7.804778E+00    8.203590E+01   
-7.818769E+00    8.327672E+01   
-7.816146E+00    8.452113E+01   
-7.797228E+00    8.576718E+01   
-7.762360E+00    8.701292E+01   
-7.711906E+00    8.825644E+01   
-7.646251E+00    8.949580E+01   
-7.565792E+00    9.072909E+01   
-7.470943E+00    9.195437E+01   
-7.362126E+00    9.316970E+01   
-7.239775E+00    9.437314E+01   
-7.104332E+00    9.556272E+01   
-6.956244E+00    9.673646E+01   
-6.795965E+00    9.789235E+01   
-6.623950E+00    9.902837E+01   
-6.440659E+00    1.001425E+02   
-6.246553E+00    1.012326E+02   
-6.042095E+00    1.022967E+02   
-5.827747E+00    1.033326E+02   
-5.603970E+00    1.043382E+02   
-5.371227E+00    1.053113E+02   
-5.129975E+00    1.062499E+02   
-4.880675E+00    1.071517E+02   
-4.623780E+00    1.080147E+02   
-4.359747E+00    1.088367E+02   
-4.089025E+00    1.096157E+02   
-3.812065E+00    1.103495E+02   
-3.529312E+00    1.110361E+02   
-3.241212E+00    1.116737E+02   
-2.948206E+00    1.122604E+02   
-2.650733E+00    1.127943E+02   
-2.349230E+00    1.132740E+02   
-2.044133E+00    1.136978E+02   
-1.735876E+00    1.140644E+02   
-1.424889E+00    1.143726E+02   
-1.111602E+00    1.146214E+02   
-7.964442E-01    1.148099E+02   
-4.798430E-01    1.149375E+02   
-1.622250E-01    1.150037E+02   
 1.559838E-01    1.150084E+02   
 4.743576E-01    1.149516E+02   
 7.924710E-01    1.148334E+02   
 1.109898E+00    1.146543E+02   
 1.426213E+00    1.144150E+02   
 1.740988E+00    1.141162E+02   
 2.053797E+00    1.137590E+02   
 2.364210E+00    1.133447E+02   
 2.671796E+00    1.128744E+02   
 2.976125E+00    1.123499E+02   
 3.276762E+00    1.117726E+02   
 3.573272E+00    1.111445E+02   
 3.865217E+00    1.104672E+02   
 4.152157E+00    1.097427E+02   
 4.433650E+00    1.089730E+02   
 4.709250E+00    1.081603E+02   
 4.978512E+00    1.073064E+02   
 5.240984E+00    1.064136E+02   
 5.496216E+00    1.054839E+02   
 5.743752E+00    1.045195E+02   
 5.983136E+00    1.035225E+02   
 6.213909E+00    1.024951E+02   
 6.435613E+00    1.014392E+02   
 6.647784E+00    1.003570E+02   
 6.849962E+00    9.925061E+01   
 7.041683E+00    9.812198E+01   
 7.222486E+00    9.697315E+01   
 7.391910E+00    9.580613E+01   
 7.549496E+00    9.462287E+01   
 7.694789E+00    9.342533E+01   
 7.827336E+00    9.221545E+01   
 7.946691E+00    9.099514E+01   
 8.052414E+00    8.976632E+01   
 8.144074E+00    8.853089E+01   
 8.221250E+00    8.729073E+01   
 8.283531E+00    8.604776E+01   
 8.330523E+00    8.480387E+01   
 8.361847E+00    8.356098E+01   
 8.377141E+00    8.232100E+01   
 8.376067E+00    8.108590E+01   
 8.358310E+00    7.985763E+01   
 8.323580E+00    7.863820E+01   
 8.271621E+00    7.742963E+01   
 8.202207E+00    7.623399E+01   
 8.115151E+00    7.505339E+01   
 8.010306E+00    7.388996E+01   
 7.887567E+00    7.274591E+01   
 7.746879E+00    7.162347E+01   
 7.588238E+00    7.052494E+01   
 7.411692E+00    6.945264E+01   
 7.217350E+00    6.840897E+01   
 7.005382E+00    6.739634E+01   
 6.776023E+00    6.641721E+01   
 6.529574E+00    6.547408E+01   
 6.266408E+00    6.456945E+01   
 5.986968E+00    6.370587E+01   
 5.691772E+00    6.288585E+01   
 5.381413E+00    6.211189E+01   
 5.056556E+00    6.138646E+01   
 4.717945E+00    6.071199E+01   
 4.366393E+00    6.009079E+01   
 4.002787E+00    5.952512E+01   
 3.628081E+00    5.901707E+01   
 3.243297E+00    5.856859E+01   
 2.849513E+00    5.818145E+01   
 2.447867E+00    5.785722E+01   
 2.039543E+00    5.759725E+01   
 1.625769E+00    5.740262E+01   
 1.207809E+00    5.727415E+01   
 7.869531E-01    5.721240E+01   
 3.645107E-01    5.721761E+01   
-5.819762E-02    5.728974E+01   
-4.798499E-01    5.742848E+01   
-8.991312E-01    5.763319E+01   
-1.314742E+00    5.790299E+01   
-1.725408E+00    5.823673E+01   
-2.129884E+00    5.863302E+01   
-2.526970E+00    5.909025E+01   
-2.915506E+00    5.960661E+01   
-3.294391E+00    6.018013E+01   
-3.662580E+00    6.080870E+01   
-4.019090E+00    6.149006E+01   
-4.363008E+00    6.222191E+01   
-4.693489E+00    6.300183E+01   
-5.009763E+00    6.382738E+01   
-5.311133E+00    6.469607E+01   
-5.596976E+00    6.560542E+01   
-5.866744E+00    6.655294E+01   
-6.119965E+00    6.753613E+01   
-6.356238E+00    6.855255E+01   
-6.575232E+00    6.959978E+01   
-6.776686E+00    7.067542E+01   
-6.960405E+00    7.177712E+01   
-7.126256E+00    7.290258E+01   
-7.274167E+00    7.404953E+01   
-7.404121E+00    7.521577E+01   
-7.516152E+00    7.639911E+01   
-7.610347E+00    7.759742E+01   
-7.686836E+00    7.880861E+01   
-7.745790E+00    8.003062E+01   
-7.787419E+00    8.126142E+01   
-7.811969E+00    8.249900E+01   
-7.819717E+00    8.374139E+01   
-7.810966E+00    8.498664E+01   
-7.786046E+00    8.623280E+01   
-7.745311E+00    8.747794E+01   
-7.689132E+00    8.872013E+01   
-7.617897E+00    8.995745E+01   
-7.532013E+00    9.118797E+01   
-7.431894E+00    9.240976E+01   
-7.317969E+00    9.362088E+01   
-7.190674E+00    9.481937E+01   
-7.050453E+00    9.600326E+01   
-6.897757E+00    9.717056E+01   
-6.733038E+00    9.831927E+01   
-6.556756E+00    9.944735E+01   
-6.369370E+00    1.005527E+02   
-6.171342E+00    1.016334E+02   
-5.963134E+00    1.026872E+02   
-5.745209E+00    1.037120E+02   
-5.518028E+00    1.047057E+02   
-5.282052E+00    1.056662E+02   
-5.037739E+00    1.065913E+02   
-4.785548E+00    1.074789E+02   
-4.525933E+00    1.083268E+02   
-4.259347E+00    1.091329E+02   
-3.986242E+00    1.098952E+02   
-3.707066E+00    1.106117E+02   
-3.422263E+00    1.112802E+02   
-3.132278E+00    1.118990E+02   
-2.837551E+00    1.124661E+02   
-2.538521E+00    1.129800E+02   
-2.235625E+00    1.134390E+02   
-1.929297E+00    1.138415E+02   
-1.619969E+00    1.141865E+02   
-1.308072E+00    1.144726E+02   
-9.940362E-01    1.146989E+02   
-6.782891E-01    1.148647E+02   
-3.612581E-01    1.149694E+02   
-4.336951E-02    1.150127E+02   
 2.749508E-01    1.149944E+02   
 5.932771E-01    1.149146E+02   
 9.111839E-01    1.147736E+02   
 1.228245E+00    1.145719E+02   
 1.544035E+00    1.143102E+02   
 1.858125E+00    1.139895E+02   
 2.170089E+00    1.136108E+02   
 2.479496E+00    1.131754E+02   
 2.785916E+00    1.126847E+02   
 3.088916E+00    1.121403E+02   
 3.388062E+00    1.115438E+02   
 3.682918E+00    1.108970E+02   
 3.973044E+00    1.102019E+02   
 4.258001E+00    1.094603E+02   
 4.537344E+00    1.086743E+02   
 4.810628E+00    1.078459E+02   
 5.077406E+00    1.069772E+02   
 5.337226E+00    1.060704E+02   
 5.589635E+00    1.051275E+02   
 5.834178E+00    1.041507E+02   
 6.070399E+00    1.031421E+02   
 6.297837E+00    1.021037E+02   
 6.516033E+00    1.010378E+02   
 6.724524E+00    9.994633E+01   
 6.922848E+00    9.883138E+01   
 7.110544E+00    9.769497E+01   
 7.287149E+00    9.653911E+01   
 7.452204E+00    9.536578E+01   
 7.605249E+00    9.417696E+01   
 7.745832E+00    9.297459E+01   
 7.873501E+00    9.176059E+01   
 7.987814E+00    9.053688E+01   
 8.088332E+00    8.930536E+01   
 8.174629E+00    8.806794E+01   
 8.246286E+00    8.682651E+01   
 8.302900E+00    8.558297E+01   
 8.344081E+00    8.433923E+01   
 8.369456E+00    8.309720E+01   
 8.378673E+00    8.185882E+01   
 8.371400E+00    8.062604E+01   
 8.347333E+00    7.940084E+01   
 8.306194E+00    7.818523E+01   
 8.247737E+00    7.698125E+01   
 8.171751E+00    7.579097E+01   
 8.078063E+00    7.461653E+01   
 7.966541E+00    7.346009E+01   
 7.837100E+00    7.232385E+01   
 7.689701E+00    7.121007E+01   
 7.524360E+00    7.012107E+01   
 7.341149E+00    6.905919E+01   
 7.140198E+00    6.802683E+01   
 6.921700E+00    6.702642E+01   
 6.685916E+00    6.606045E+01   
 6.433174E+00    6.513141E+01   
 6.163871E+00    6.424183E+01   
 5.878479E+00    6.339423E+01   
 5.577544E+00    6.259112E+01   
 5.261685E+00    6.183501E+01   
 4.931598E+00    6.112835E+01   
 4.588052E+00    6.047351E+01   
 4.231889E+00    5.987281E+01   
 3.864020E+00    5.932843E+01   
 3.485426E+00    5.884242E+01   
 3.097149E+00    5.841666E+01   
 2.700292E+00    5.805286E+01   
 2.296009E+00    5.775250E+01   
 1.885503E+00    5.751683E+01   
 1.470016E+00    5.734684E+01   
 1.050821E+00    5.724325E+01   
 6.292184E-01    5.720650E+01   
 2.065218E-01    5.723674E+01   
-2.159464E-01    5.733382E+01   
-6.368660E-01    5.749729E+01   
-1.054927E+00    5.772644E+01   
-1.468837E+00    5.802028E+01   
-1.877334E+00    5.837757E+01   
-2.279187E+00    5.879683E+01   
-2.673211E+00    5.927638E+01   
-3.058267E+00    5.981434E+01   
-3.433274E+00    6.040868E+01   
-3.797210E+00    6.105724E+01   
-4.149119E+00    6.175775E+01   
-4.488111E+00    6.250784E+01   
-4.813370E+00    6.330510E+01   
-5.124152E+00    6.414706E+01   
-5.419789E+00    6.503124E+01   
-5.699685E+00    6.595514E+01   
-5.963322E+00    6.691627E+01   
-6.210253E+00    6.791217E+01   
-6.440104E+00    6.894038E+01   
-6.652571E+00    6.999850E+01   
-6.847418E+00    7.108415E+01   
-7.024473E+00    7.219500E+01   
-7.183626E+00    7.332875E+01   
-7.324826E+00    7.448317E+01   
-7.448076E+00    7.565605E+01   
-7.553431E+00    7.684523E+01   
-7.640992E+00    7.804860E+01   
-7.710906E+00    7.926407E+01   
-7.763360E+00    8.048960E+01   
-7.798577E+00    8.172316E+01   
-7.816815E+00    8.296277E+01   
-7.818360E+00    8.420646E+01   
-7.803528E+00    8.545228E+01   
-7.772656E+00    8.669828E+01   
-7.726106E+00    8.794254E+01   
-7.664255E+00    8.918314E+01   
-7.587498E+00    9.041814E+01   
-7.496245E+00    9.164563E+01   
-7.390917E+00    9.286366E+01   
-7.271945E+00    9.407029E+01   
-7.139768E+00    9.526356E+01   
-6.994832E+00    9.644148E+01   
-6.837590E+00    9.760207E+01   
-6.668497E+00    9.874331E+01   
-6.488012E+00    9.986315E+01   
-6.296596E+00    1.009595E+02   
-6.094710E+00    1.020304E+02   
-5.882817E+00    1.030736E+02   
-5.661379E+00    1.040870E+02   
-5.430858E+00    1.050686E+02   
-5.191713E+00    1.060161E+02   
-4.944403E+00    1.069274E+02   
-4.689384E+00    1.078005E+02   
-4.427112E+00    1.086330E+02   
-4.158038E+00    1.094230E+02   
-3.882612E+00    1.101684E+02   
-3.601281E+00    1.108672E+02   
-3.314490E+00    1.115173E+02   
-3.022682E+00    1.121170E+02   
-2.726296E+00    1.126645E+02   
-2.425770E+00    1.131580E+02   
-2.121541E+00    1.135961E+02   
-1.814041E+00    1.139772E+02   
-1.503703E+00    1.143003E+02   
-1.190957E+00    1.145642E+02   
-8.762315E-01    1.147680E+02   
-5.599547E-01    1.149110E+02   
-2.425534E-01    1.149928E+02   
 7.554629E-02    1.150130E+02   
 3.939186E-01    1.149717E+02   
 7.121380E-01    1.148690E+02   
 1.029779E+00    1.147053E+02   
 1.346415E+00    1.144811E+02   
 1.661620E+00    1.141972E+02   
 1.974966E+00    1.138547E+02   
 2.286024E+00    1.134547E+02   
 2.594366E+00    1.129984E+02   
 2.899558E+00    1.124875E+02   
 3.201169E+00    1.119234E+02   
 3.498763E+00    1.113079E+02   
 3.791903E+00    1.106428E+02   
 4.080150E+00    1.099301E+02   
 4.363061E+00    1.091717E+02   
 4.640192E+00    1.083696E+02   
 4.911098E+00    1.075259E+02   
 5.175328E+00    1.066427E+02   
 5.432432E+00    1.057222E+02   
 5.681956E+00    1.047664E+02   
 5.923443E+00    1.037774E+02   
 6.156436E+00    1.027574E+02   
 6.380474E+00    1.017086E+02   
 6.595098E+00    1.006328E+02   
 6.799844E+00    9.953236E+01   
 6.994251E+00    9.840915E+01   
 7.177857E+00    9.726524E+01   
 7.350200E+00    9.610262E+01   
 7.510820E+00    9.492328E+01   
 7.659262E+00    9.372917E+01   
 7.795072E+00    9.252222E+01   
 7.917802E+00    9.130437E+01   
 8.027011E+00    9.007752E+01   
 8.122264E+00    8.884358E+01   
 8.203139E+00    8.760444E+01   
 8.269222E+00    8.636200E+01   
 8.320114E+00    8.511816E+01   
 8.355432E+00    8.387483E+01   
 8.374809E+00    8.263394E+01   
 8.377902E+00    8.139742E+01   
 8.364388E+00    8.016724E+01   
 8.333973E+00    7.894538E+01   
 8.286390E+00    7.773388E+01   
 8.221406E+00    7.653477E+01   
 8.138823E+00    7.535016E+01   
 8.038484E+00    7.418219E+01   
 7.920274E+00    7.303304E+01   
 7.784124E+00    7.190492E+01   
 7.630017E+00    7.080013E+01   
 7.457987E+00    6.972098E+01   
 7.268128E+00    6.866985E+01   
 7.060595E+00    6.764914E+01   
 6.835604E+00    6.666131E+01   
 6.593441E+00    6.570885E+01   
 6.334460E+00    6.479426E+01   
 6.059086E+00    6.392007E+01   
 5.767819E+00    6.308880E+01   
 5.461231E+00    6.230296E+01   
 5.139970E+00    6.156505E+01   
 4.804760E+00    6.087747E+01   
 4.456397E+00    6.024260E+01   
 4.095750E+00    5.966269E+01   
 3.723755E+00    5.913989E+01   
 3.341418E+00    5.867618E+01   
 2.949803E+00    5.827339E+01   
 2.550033E+00    5.793313E+01   
 2.143282E+00    5.765681E+01   
 1.730768E+00    5.744558E+01   
 1.313744E+00    5.730033E+01   
 8.934968E-01    5.722169E+01   
 4.713309E-01    5.720997E+01   
 4.856482E-02    5.726521E+01   
-3.734789E-01    5.738716E+01   
-7.934828E-01    5.757528E+01   
-1.210143E+00    5.782873E+01   
-1.622176E+00    5.814644E+01   
-2.028332E+00    5.852707E+01   
-2.427396E+00    5.896906E+01   
-2.818200E+00    5.947066E+01   
-3.199624E+00    6.002993E+01   
-3.570611E+00    6.064479E+01   
-3.930161E+00    6.131304E+01   
-4.277343E+00    6.203235E+01   
-4.611295E+00    6.280035E+01   
-4.931228E+00    6.361461E+01   
-5.236426E+00    6.447264E+01   
-5.526246E+00    6.537195E+01   
-5.800124E+00    6.631005E+01   
-6.057567E+00    6.728446E+01   
-6.298156E+00    6.829272E+01   
-6.521543E+00    6.933239E+01   
-6.727450E+00    7.040107E+01   
-6.915666E+00    7.149640E+01   
-7.086041E+00    7.261608E+01   
-7.238489E+00    7.375781E+01   
-7.372978E+00    7.491938E+01   
-7.489532E+00    7.609861E+01   
-7.588224E+00    7.729334E+01   
-7.669172E+00    7.850147E+01   
-7.732538E+00    7.972093E+01   
-7.778523E+00    8.094970E+01   
-7.807364E+00    8.218575E+01   
-7.819329E+00    8.342712E+01   
-7.814717E+00    8.467183E+01   
-7.793850E+00    8.591794E+01   
-7.757077E+00    8.716352E+01   
-7.704764E+00    8.840663E+01   
-7.637296E+00    8.964537E+01   
-7.555074E+00    9.087779E+01   
-7.458512E+00    9.210197E+01   
-7.348035E+00    9.331597E+01   
-7.224077E+00    9.451783E+01   
-7.087080E+00    9.570560E+01   
-6.937493E+00    9.687729E+01   
-6.775769E+00    9.803088E+01   
-6.602366E+00    9.916436E+01   
-6.417742E+00    1.002757E+02   
-6.222359E+00    1.013628E+02   
-6.016680E+00    1.024235E+02   
-5.801167E+00    1.034559E+02   
-5.576281E+00    1.044577E+02   
-5.342483E+00    1.054267E+02   
-5.100234E+00    1.063610E+02   
-4.849990E+00    1.072583E+02   
-4.592208E+00    1.081164E+02   
-4.327342E+00    1.089333E+02   
-4.055842E+00    1.097069E+02   
-3.778157E+00    1.104351E+02   
-3.494734E+00    1.111159E+02   
-3.206016E+00    1.117474E+02   
-2.912446E+00    1.123278E+02   
-2.614462E+00    1.128553E+02   
-2.312502E+00    1.133283E+02   
-2.007000E+00    1.137452E+02   
-1.698389E+00    1.141048E+02   
-1.387101E+00    1.144059E+02   
-1.073565E+00    1.146474E+02   
-7.582102E-01    1.148285E+02   
-4.414634E-01    1.149487E+02   
-1.237512E-01    1.150076E+02   
 1.945001E-01    1.150048E+02   
 5.128651E-01    1.149405E+02   
 8.309181E-01    1.148150E+02   
 1.148233E+00    1.146285E+02   
 1.464385E+00    1.143820E+02   
 1.778945E+00    1.140761E+02   
 2.091486E+00    1.137119E+02   
 2.401580E+00    1.132907E+02   
 2.708796E+00    1.128138E+02   
 3.012701E+00    1.122828E+02   
 3.312862E+00    1.116993E+02   
 3.608843E+00    1.110651E+02   
 3.900206E+00    1.103820E+02   
 4.186510E+00    1.096519E+02   
 4.467314E+00    1.088770E+02   
 4.742171E+00    1.080591E+02   
 5.010635E+00    1.072004E+02   
 5.272256E+00    1.063030E+02   
 5.526581E+00    1.053690E+02   
 5.773155E+00    1.044006E+02   
 6.011522E+00    1.033998E+02   
 6.241222E+00    1.023688E+02   
 6.461797E+00    1.013096E+02   
 6.672784E+00    1.002244E+02   
 6.873721E+00    9.911521E+01   
 7.064146E+00    9.798403E+01   
 7.243597E+00    9.683290E+01   
 7.411613E+00    9.566380E+01   
 7.567737E+00    9.447871E+01   
 7.711511E+00    9.327958E+01   
 7.842486E+00    9.206833E+01   
 7.960215E+00    9.084690E+01   
 8.064259E+00    8.961717E+01   
 8.154189E+00    8.838107E+01   
 8.229584E+00    8.714047E+01   
 8.290037E+00    8.589729E+01   
 8.335153E+00    8.465341E+01   
 8.364556E+00    8.341077E+01   
 8.377888E+00    8.217128E+01   
 8.374812E+00    8.093690E+01   
 8.355016E+00    7.970960E+01   
 8.318215E+00    7.849137E+01   
 8.264156E+00    7.728426E+01   
 8.192617E+00    7.609032E+01   
 8.103416E+00    7.491168E+01   
 7.996410E+00    7.375048E+01   
 7.871502E+00    7.260892E+01   
 7.728641E+00    7.148926E+01   
 7.567829E+00    7.039377E+01   
 7.389124E+00    6.932481E+01   
 7.192639E+00    6.828476E+01   
 6.978554E+00    6.727605E+01   
 6.747110E+00    6.630114E+01   
 6.498617E+00    6.536254E+01   
 6.233457E+00    6.446275E+01   
 5.952082E+00    6.360430E+01   
 5.655019E+00    6.278971E+01   
 5.342868E+00    6.202149E+01   
 5.016307E+00    6.130211E+01   
 4.676085E+00    6.063396E+01   
 4.323027E+00    6.001936E+01   
 3.958026E+00    5.946055E+01   
 3.582045E+00    5.895960E+01   
 3.196114E+00    5.851845E+01   
 2.801317E+00    5.813885E+01   
 2.398799E+00    5.782233E+01   
 1.989750E+00    5.757021E+01   
 1.575402E+00    5.738355E+01   
 1.157022E+00    5.726313E+01   
 7.359044E-01    5.720947E+01   
 3.133595E-01    5.722278E+01   
-1.092913E-01    5.730300E+01   
-5.307265E-01    5.744975E+01   
-9.496324E-01    5.766239E+01   
-1.364712E+00    5.793999E+01   
-1.774694E+00    5.828138E+01   
-2.178340E+00    5.868513E+01   
-2.574452E+00    5.914961E+01   
-2.961878E+00    5.967300E+01   
-3.339524E+00    6.025329E+01   
-3.706350E+00    6.088836E+01   
-4.061384E+00    6.157597E+01   
-4.403720E+00    6.231376E+01   
-4.732522E+00    6.309933E+01   
-5.047028E+00    6.393023E+01   
-5.346551E+00    6.480398E+01   
-5.630477E+00    6.571807E+01   
-5.898267E+00    6.667004E+01   
-6.149458E+00    6.765738E+01   
-6.383656E+00    6.867766E+01   
-6.600541E+00    6.972844E+01   
-6.799858E+00    7.080736E+01   
-6.981422E+00    7.191206E+01   
-7.145105E+00    7.304024E+01   
-7.290844E+00    7.418964E+01   
-7.418626E+00    7.535806E+01   
-7.528494E+00    7.654333E+01   
-7.620539E+00    7.774331E+01   
-7.694897E+00    7.895592E+01   
-7.751743E+00    8.017909E+01   
-7.791292E+00    8.141082E+01   
-7.813794E+00    8.264909E+01   
-7.819529E+00    8.389193E+01   
-7.808804E+00    8.513739E+01   
-7.781952E+00    8.638353E+01   
-7.739328E+00    8.762841E+01   
-7.681306E+00    8.887012E+01   
-7.608278E+00    9.010671E+01   
-7.520649E+00    9.133628E+01   
-7.418837E+00    9.255689E+01   
-7.303271E+00    9.376658E+01   
-7.174388E+00    9.496341E+01   
-7.032634E+00    9.614540E+01   
-6.878459E+00    9.731056E+01   
-6.712317E+00    9.845688E+01   
-6.534667E+00    9.958232E+01   
-6.345970E+00    1.006848E+02   
-6.146685E+00    1.017623E+02   
-5.937277E+00    1.028127E+02   
-5.718208E+00    1.038339E+02   
-5.489938E+00    1.048237E+02   
-5.252929E+00    1.057800E+02   
-5.007639E+00    1.067007E+02   
-4.754525E+00    1.075836E+02   
-4.494043E+00    1.084266E+02   
-4.226645E+00    1.092275E+02   
-3.952782E+00    1.099844E+02   
-3.672901E+00    1.106951E+02   
-3.387447E+00    1.113577E+02   
-3.096865E+00    1.119704E+02   
-2.801595E+00    1.125312E+02   
-2.502074E+00    1.130385E+02   
-2.198740E+00    1.134907E+02   
-1.892025E+00    1.138864E+02   
-1.582364E+00    1.142242E+02   
-1.270185E+00    1.145031E+02   
-9.559197E-01    1.147222E+02   
-6.399947E-01    1.148806E+02   
-3.228372E-01    1.149779E+02   
-4.873770E-03    1.150137E+02   
 3.134699E-01    1.149880E+02   
 6.317681E-01    1.149008E+02   
 9.495953E-01    1.147524E+02   
 1.266525E+00    1.145434E+02   
 1.582132E+00    1.142746E+02   
 1.895988E+00    1.139468E+02   
 2.207665E+00    1.135611E+02   
 2.516734E+00    1.131190E+02   
 2.822763E+00    1.126217E+02   
 3.125320E+00    1.120708E+02   
 3.423970E+00    1.114682E+02   
 3.718277E+00    1.108155E+02   
 4.007802E+00    1.101146E+02   
 4.292103E+00    1.093675E+02   
 4.570737E+00    1.085763E+02   
 4.843258E+00    1.077429E+02   
 5.109218E+00    1.068695E+02   
 5.368165E+00    1.059582E+02   
 5.619647E+00    1.050111E+02   
 5.863208E+00    1.040303E+02   
 6.098390E+00    1.030180E+02   
 6.324735E+00    1.019762E+02   
 6.541781E+00    1.009071E+02   
 6.749067E+00    9.981265E+01   
 6.946130E+00    9.869499E+01   
 7.132509E+00    9.755612E+01   
 7.307741E+00    9.639805E+01   
 7.471367E+00    9.522275E+01   
 7.622929E+00    9.403218E+01   
 7.761973E+00    9.282830E+01   
 7.888050E+00    9.161302E+01   
 8.000716E+00    9.038827E+01   
 8.099537E+00    8.915594E+01   
 8.184084E+00    8.791793E+01   
 8.253943E+00    8.667614E+01   
 8.308710E+00    8.543248E+01   
 8.347998E+00    8.418884E+01   
 8.371437E+00    8.294715E+01   
 8.378676E+00    8.170934E+01   
 8.369388E+00    8.047737E+01   
 8.343269E+00    7.925323E+01   
 8.300047E+00    7.803891E+01   
 8.239480E+00    7.683648E+01   
 8.161361E+00    7.564801E+01   
 8.065522E+00    7.447563E+01   
 7.951836E+00    7.332151E+01   
 7.820222E+00    7.218786E+01   
 7.670651E+00    7.107696E+01   
 7.503143E+00    6.999111E+01   
 7.317778E+00    6.893267E+01   
 7.114692E+00    6.790405E+01   
 6.894089E+00    6.690768E+01   
 6.656234E+00    6.594604E+01   
 6.401465E+00    6.502164E+01   
 6.130189E+00    6.413701E+01   
 5.842887E+00    6.329465E+01   
 5.540112E+00    6.249710E+01   
 5.222493E+00    6.174684E+01   
 4.890736E+00    6.104632E+01   
 4.545617E+00    6.039792E+01   
 4.187988E+00    5.980392E+01   
 3.818768E+00    5.926649E+01   
 3.438946E+00    5.878767E+01   
 3.049571E+00    5.836932E+01   
 2.651753E+00    5.801312E+01   
 2.246653E+00    5.772053E+01   
 1.835478E+00    5.749275E+01   
 1.419473E+00    5.733077E+01   
 9.999180E-01    5.723525E+01   
 5.781127E-01    5.720660E+01   
 1.553734E-01    5.724494E+01   
-2.669776E-01    5.735007E+01   
-6.876207E-01    5.752154E+01   
-1.105248E+00    5.775857E+01   
-1.518570E+00    5.806016E+01   
-1.926327E+00    5.842503E+01   
-2.327295E+00    5.885168E+01   
-2.720294E+00    5.933839E+01   
-3.104191E+00    5.988328E+01   
-3.477911E+00    6.048430E+01   
-3.840442E+00    6.113927E+01   
-4.190833E+00    6.184590E+01   
-4.528206E+00    6.260183E+01   
-4.851752E+00    6.340463E+01   
-5.160736E+00    6.425183E+01   
-5.454499E+00    6.514095E+01   
-5.732454E+00    6.606949E+01   
-5.994092E+00    6.703496E+01   
-6.238975E+00    6.803489E+01   
-6.466738E+00    6.906685E+01   
-6.677085E+00    7.012843E+01   
-6.869787E+00    7.121725E+01   
-7.044681E+00    7.233099E+01   
-7.201664E+00    7.346736E+01   
-7.340691E+00    7.462413E+01   
-7.461772E+00    7.579909E+01   
-7.564967E+00    7.699010E+01   
-7.650385E+00    7.819505E+01   
-7.718176E+00    7.941184E+01   
-7.768532E+00    8.063845E+01   
-7.801681E+00    8.187285E+01   
-7.817883E+00    8.311306E+01   
-7.817430E+00    8.435711E+01   
-7.800639E+00    8.560305E+01   
-7.767851E+00    8.684894E+01   
-7.719429E+00    8.809286E+01   
-7.655753E+00    8.933288E+01   
-7.577221E+00    9.056708E+01   
-7.484242E+00    9.179353E+01   
-7.377241E+00    9.301028E+01   
-7.256647E+00    9.421540E+01   
-7.122903E+00    9.540692E+01   
-6.976455E+00    9.658285E+01   
-6.817755E+00    9.774121E+01   
-6.647259E+00    9.887997E+01   
-6.465427E+00    9.999708E+01   
-6.272719E+00    1.010905E+02   
-6.069598E+00    1.021581E+02   
-5.856526E+00    1.031978E+02   
-5.633965E+00    1.042075E+02   
-5.402375E+00    1.051851E+02   
-5.162218E+00    1.061283E+02   
-4.913952E+00    1.070351E+02   
-4.658032E+00    1.079034E+02   
-4.394912E+00    1.087309E+02   
-4.125046E+00    1.095156E+02   
-3.848882E+00    1.102555E+02   
-3.566866E+00    1.109484E+02   
-3.279445E+00    1.115926E+02   
-2.987060E+00    1.121861E+02   
-2.690150E+00    1.127271E+02   
-2.389153E+00    1.132140E+02   
-2.084505E+00    1.136452E+02   
-1.776639E+00    1.140194E+02   
-1.465987E+00    1.143354E+02   
-1.152978E+00    1.145920E+02   
-8.380425E-01    1.147885E+02   
-5.216070E-01    1.149241E+02   
-2.040985E-01    1.149985E+02   
 1.140568E-01    1.150113E+02   
 4.324332E-01    1.149626E+02   
 7.506053E-01    1.148524E+02   
 1.068147E+00    1.146814E+02   
 1.384633E+00    1.144499E+02   
 1.699635E+00    1.141589E+02   
 2.012728E+00    1.138094E+02   
 2.323480E+00    1.134024E+02   
 2.631464E+00    1.129395E+02   
 2.936246E+00    1.124220E+02   
 3.237394E+00    1.118516E+02   
 3.534473E+00    1.112300E+02   
 3.827044E+00    1.105591E+02   
 4.114668E+00    1.098407E+02   
 4.396904E+00    1.090769E+02   
 4.673306E+00    1.082697E+02   
 4.943428E+00    1.074211E+02   
 5.206821E+00    1.065333E+02   
 5.463032E+00    1.056084E+02   
 5.711607E+00    1.046484E+02   
 5.952091E+00    1.036556E+02   
 6.184025E+00    1.026320E+02   
 6.406949E+00    1.015798E+02   
 6.620402E+00    1.005010E+02   
 6.823923E+00    9.939764E+01   
 7.017047E+00    9.827182E+01   
 7.199315E+00    9.712554E+01   
 7.370264E+00    9.596080E+01   
 7.529435E+00    9.477956E+01   
 7.676373E+00    9.358380E+01   
 7.810624E+00    9.237543E+01   
 7.931742E+00    9.115639E+01   
 8.039285E+00    8.992858E+01   
 8.132821E+00    8.869390E+01   
 8.211928E+00    8.745426E+01   
 8.276194E+00    8.621155E+01   
 8.325222E+00    8.496768E+01   
 8.358631E+00    8.372454E+01   
 8.376056E+00    8.248407E+01   
 8.377156E+00    8.124822E+01   
 8.361613E+00    8.001894E+01   
 8.329134E+00    7.879823E+01   
 8.279458E+00    7.758811E+01   
 8.212354E+00    7.639065E+01   
 8.127631E+00    7.520794E+01   
 8.025135E+00    7.404212E+01   
 7.904758E+00    7.289539E+01   
 7.766435E+00    7.176998E+01   
 7.610156E+00    7.066817E+01   
 7.435963E+00    6.959228E+01   
 7.243957E+00    6.854470E+01   
 7.034299E+00    6.752784E+01   
 6.807214E+00    6.654416E+01   
 6.562996E+00    6.559614E+01   
 6.302008E+00    6.468630E+01   
 6.024683E+00    6.381717E+01   
 5.731530E+00    6.299126E+01   
 5.423131E+00    6.221109E+01   
 5.100143E+00    6.147914E+01   
 4.763298E+00    6.079782E+01   
 4.413402E+00    6.016948E+01   
 4.051330E+00    5.959637E+01   
 3.678029E+00    5.908061E+01   
 3.294512E+00    5.862418E+01   
 2.901850E+00    5.822887E+01   
 2.501172E+00    5.789628E+01   
 2.093658E+00    5.762778E+01   
 1.680531E+00    5.742449E+01   
 1.263049E+00    5.728727E+01   
 8.424993E-01    5.721671E+01   
 4.201905E-01    5.721309E+01   
-2.558495E-03    5.727642E+01   
-4.244253E-01    5.740642E+01   
-8.440936E-01    5.760248E+01   
-1.260261E+00    5.786377E+01   
-1.671650E+00    5.818917E+01   
-2.077012E+00    5.857731E+01   
-2.475138E+00    5.902661E+01   
-2.864864E+00    5.953529E+01   
-3.245082E+00    6.010141E+01   
-3.614736E+00    6.072284E+01   
-3.972838E+00    6.139739E+01   
-4.318464E+00    6.212272E+01   
-4.650761E+00    6.289645E+01   
-4.968948E+00    6.371613E+01   
-5.272317E+00    6.457929E+01   
-5.560238E+00    6.548343E+01   
-5.832152E+00    6.642606E+01   
-6.087577E+00    6.740469E+01   
-6.326102E+00    6.841688E+01   
-6.547388E+00    6.946018E+01   
-6.751165E+00    7.053221E+01   
-6.937228E+00    7.163061E+01   
-7.105439E+00    7.275307E+01   
-7.255714E+00    7.389733E+01   
-7.388032E+00    7.506115E+01   
-7.502420E+00    7.624236E+01   
-7.598958E+00    7.743882E+01   
-7.677769E+00    7.864844E+01   
-7.739021E+00    7.986914E+01   
-7.782919E+00    8.109889E+01   
-7.809703E+00    8.233569E+01   
-7.819647E+00    8.357756E+01   
-7.813050E+00    8.482255E+01   
-7.790240E+00    8.606870E+01   
-7.751567E+00    8.731408E+01   
-7.697400E+00    8.855677E+01   
-7.628126E+00    8.979484E+01   
-7.544147E+00    9.102636E+01   
-7.445878E+00    9.224942E+01   
-7.333747E+00    9.346205E+01   
-7.208187E+00    9.466232E+01   
-7.069644E+00    9.584825E+01   
-6.918564E+00    9.701785E+01   
-6.755403E+00    9.816912E+01   
-6.580617E+00    9.930003E+01   
-6.394668E+00    1.004085E+02   
-6.198015E+00    1.014925E+02   
-5.991121E+00    1.025500E+02   
-5.774449E+00    1.035787E+02   
-5.548461E+00    1.045767E+02   
-5.313616E+00    1.055417E+02   
-5.070376E+00    1.064715E+02   
-4.819196E+00    1.073642E+02   
-4.560533E+00    1.082175E+02   
-4.294839E+00    1.090292E+02   
-4.022567E+00    1.097974E+02   
-3.744165E+00    1.105200E+02   
-3.460078E+00    1.111950E+02   
-3.170750E+00    1.118204E+02   
-2.876622E+00    1.123945E+02   
-2.578134E+00    1.129154E+02   
-2.275722E+00    1.133817E+02   
-1.969821E+00    1.137918E+02   
-1.660864E+00    1.141444E+02   
-1.349281E+00    1.144383E+02   
-1.035502E+00    1.146725E+02   
-7.199559E-01    1.148463E+02   
-4.030696E-01    1.149591E+02   
-8.526955E-02    1.150105E+02   
 2.330182E-01    1.150003E+02   
 5.513681E-01    1.149286E+02   
 8.693545E-01    1.147956E+02   
 1.186552E+00    1.146019E+02   
 1.502533E+00    1.143481E+02   
 1.816872E+00    1.140351E+02   
 2.129140E+00    1.136640E+02   
 2.438909E+00    1.132359E+02   
 2.745747E+00    1.127524E+02   
 3.049222E+00    1.122150E+02   
 3.348900E+00    1.116253E+02   
 3.644346E+00    1.109850E+02   
 3.935120E+00    1.102961E+02   
 4.220783E+00    1.095605E+02   
 4.500891E+00    1.087803E+02   
 4.774999E+00    1.079573E+02   
 5.042659E+00    1.070939E+02   
 5.303421E+00    1.061919E+02   
 5.556832E+00    1.052537E+02   
 5.802438E+00    1.042812E+02   
 6.039781E+00    1.032766E+02   
 6.268402E+00    1.022421E+02   
 6.487841E+00    1.011797E+02   
 6.697637E+00    1.000915E+02   
 6.897327E+00    9.897949E+01   
 7.086449E+00    9.784579E+01   
 7.264541E+00    9.669238E+01   
 7.431143E+00    9.552124E+01   
 7.585796E+00    9.433435E+01   
 7.728046E+00    9.313365E+01   
 7.857441E+00    9.192107E+01   
 7.973538E+00    9.069853E+01   
 8.075898E+00    8.946793E+01   
 8.164091E+00    8.823118E+01   
 8.237700E+00    8.699017E+01   
 8.296318E+00    8.574680E+01   
 8.339553E+00    8.450298E+01   
 8.367031E+00    8.326061E+01   
 8.378395E+00    8.202164E+01   
 8.373312E+00    8.078801E+01   
 8.351473E+00    7.956170E+01   
 8.312597E+00    7.834470E+01   
 8.256434E+00    7.713907E+01   
 8.182768E+00    7.594687E+01   
 8.091419E+00    7.477023E+01   
 7.982252E+00    7.361129E+01   
 7.855174E+00    7.247226E+01   
 7.710140E+00    7.135539E+01   
 7.547159E+00    7.026299E+01   
 7.366296E+00    6.919740E+01   
 7.167671E+00    6.816101E+01   
 6.951471E+00    6.715626E+01   
 6.717947E+00    6.618561E+01   
 6.467416E+00    6.525157E+01   
 6.200269E+00    6.435664E+01   
 5.916966E+00    6.350337E+01   
 5.618044E+00    6.269426E+01   
 5.304113E+00    6.193182E+01   
 4.975858E+00    6.121850E+01   
 4.634038E+00    6.055671E+01   
 4.279485E+00    5.994875E+01   
 3.913104E+00    5.939683E+01   
 3.535864E+00    5.890302E+01   
 3.148800E+00    5.846923E+01   
 2.753008E+00    5.809718E+01   
 2.349636E+00    5.778838E+01   
 1.939879E+00    5.754413E+01   
 1.524976E+00    5.736544E+01   
 1.106195E+00    5.725308E+01   
 6.848348E-01    5.720751E+01   
 2.622068E-01    5.722893E+01   
-1.603672E-01    5.731722E+01   
-5.815659E-01    5.747199E+01   
-1.000078E+00    5.769254E+01   
-1.414608E+00    5.797793E+01   
-1.823888E+00    5.832694E+01   
-2.226685E+00    5.873813E+01   
-2.621806E+00    5.920984E+01   
-3.008107E+00    5.974022E+01   
-3.384497E+00    6.032725E+01   
-3.749948E+00    6.096880E+01   
-4.103492E+00    6.166260E+01   
-4.444233E+00    6.240630E+01   
-4.771345E+00    6.319749E+01   
-5.084074E+00    6.403371E+01   
-5.381741E+00    6.491247E+01   
-5.663742E+00    6.583128E+01   
-5.929547E+00    6.678765E+01   
-6.178701E+00    6.777911E+01   
-6.410821E+00    6.880321E+01   
-6.625592E+00    6.985752E+01   
-6.822771E+00    7.093968E+01   
-7.002177E+00    7.204734E+01   
-7.163692E+00    7.317821E+01   
-7.307257E+00    7.433003E+01   
-7.432869E+00    7.550060E+01   
-7.540575E+00    7.668776E+01   
-7.630472E+00    7.788938E+01   
-7.702701E+00    7.910338E+01   
-7.757442E+00    8.032769E+01   
-7.794916E+00    8.156031E+01   
-7.815374E+00    8.279924E+01   
-7.819100E+00    8.404250E+01   
-7.806406E+00    8.528815E+01   
-7.777627E+00    8.653424E+01   
-7.733120E+00    8.777884E+01   
-7.673261E+00    8.902003E+01   
-7.598445E+00    9.025588E+01   
-7.509077E+00    9.148447E+01   
-7.405578E+00    9.270385E+01   
-7.288378E+00    9.391210E+01   
-7.157915E+00    9.510724E+01   
-7.014634E+00    9.628730E+01   
-6.858987E+00    9.745029E+01   
-6.691428E+00    9.859419E+01   
-6.512417E+00    9.971696E+01   
-6.322414E+00    1.008166E+02   
-6.121880E+00    1.018909E+02   
-5.911279E+00    1.029379E+02   
-5.691072E+00    1.039553E+02   
-5.461720E+00    1.049412E+02   
-5.223685E+00    1.058933E+02   
-4.977424E+00    1.068096E+02   
-4.723395E+00    1.076877E+02   
-4.462052E+00    1.085258E+02   
-4.193848E+00    1.093215E+02   
-3.919233E+00    1.100729E+02   
-3.638654E+00    1.107779E+02   
-3.352557E+00    1.114346E+02   
-3.061384E+00    1.120410E+02   
-2.765576E+00    1.125954E+02   
-2.465571E+00    1.130961E+02   
-2.161804E+00    1.135416E+02   
-1.854711E+00    1.139303E+02   
-1.544722E+00    1.142611E+02   
-1.232268E+00    1.145328E+02   
-9.177790E-01    1.147446E+02   
-6.016821E-01    1.148956E+02   
-2.844045E-01    1.149855E+02   
 3.362753E-02    1.150139E+02   
 3.519883E-01    1.149807E+02   
 6.702522E-01    1.148861E+02   
 9.879935E-01    1.147303E+02   
 1.304786E+00    1.145140E+02   
 1.620204E+00    1.142380E+02   
 1.933819E+00    1.139032E+02   
 2.245204E+00    1.135106E+02   
 2.553928E+00    1.130617E+02   
 2.859560E+00    1.125578E+02   
 3.161667E+00    1.120007E+02   
 3.459815E+00    1.113918E+02   
 3.753567E+00    1.107332E+02   
 4.042483E+00    1.100266E+02   
 4.326122E+00    1.092741E+02   
 4.604040E+00    1.084776E+02   
 4.875791E+00    1.076393E+02   
 5.140927E+00    1.067612E+02   
 5.398995E+00    1.058455E+02   
 5.649543E+00    1.048942E+02   
 5.892115E+00    1.039095E+02   
 6.126252E+00    1.028935E+02   
 6.351497E+00    1.018483E+02   
 6.567387E+00    1.007760E+02   
 6.773460E+00    9.967863E+01   
 6.969255E+00    9.855830E+01   
 7.154310E+00    9.741700E+01   
 7.328162E+00    9.625674E+01   
 7.490353E+00    9.507949E+01   
 7.640425E+00    9.388721E+01   
 7.777924E+00    9.268184E+01   
 7.902402E+00    9.146532E+01   
 8.013416E+00    9.023954E+01   
 8.110533E+00    8.900643E+01   
 8.193325E+00    8.776786E+01   
 8.261379E+00    8.652575E+01   
 8.314294E+00    8.528198E+01   
 8.351684E+00    8.403848E+01   
 8.373181E+00    8.279716E+01   
 8.378437E+00    8.155995E+01   
 8.367128E+00    8.032882E+01   
 8.338955E+00    7.910576E+01   
 8.293647E+00    7.789277E+01   
 8.230967E+00    7.669191E+01   
 8.150712E+00    7.550527E+01   
 8.052719E+00    7.433499E+01   
 7.936867E+00    7.318323E+01   
 7.803082E+00    7.205221E+01   
 7.651339E+00    7.094422E+01   
 7.481665E+00    6.986156E+01   
 7.294147E+00    6.880660E+01   
 7.088931E+00    6.778174E+01   
 6.866224E+00    6.678944E+01   
 6.626304E+00    6.583218E+01   
 6.369515E+00    6.491246E+01   
 6.096273E+00    6.403280E+01   
 5.807068E+00    6.319573E+01   
 5.502462E+00    6.240377E+01   
 5.183094E+00    6.165940E+01   
 4.849678E+00    6.096506E+01   
 4.502999E+00    6.032312E+01   
 4.143917E+00    5.973585E+01   
 3.773361E+00    5.920541E+01   
 3.392326E+00    5.873381E+01   
 3.001870E+00    5.832289E+01   
 2.603108E+00    5.797432E+01   
 2.197208E+00    5.768950E+01   
 1.785381E+00    5.746964E+01   
 1.368879E+00    5.731566E+01   
 9.489818E-01    5.722822E+01   
 5.269933E-01    5.720768E+01   
 1.042307E-01    5.725411E+01   
-3.179837E-01    5.736730E+01   
-7.383312E-01    5.754674E+01   
-1.155505E+00    5.779165E+01   
-1.568221E+00    5.810097E+01   
-1.975221E+00    5.847339E+01   
-2.375287E+00    5.890740E+01   
-2.767243E+00    5.940126E+01   
-3.149965E+00    5.995305E+01   
-3.522385E+00    6.056072E+01   
-3.883496E+00    6.122206E+01   
-4.232357E+00    6.193478E+01   
-4.568099E+00    6.269651E+01   
-4.889921E+00    6.350481E+01   
-5.197097E+00    6.435722E+01   
-5.488977E+00    6.525124E+01   
-5.764984E+00    6.618437E+01   
-6.024617E+00    6.715415E+01   
-6.267447E+00    6.815809E+01   
-6.493117E+00    6.919375E+01   
-6.701340E+00    7.025875E+01   
-6.891895E+00    7.135071E+01   
-7.064626E+00    7.246730E+01   
-7.219438E+00    7.360626E+01   
-7.356293E+00    7.476535E+01   
-7.475206E+00    7.594237E+01   
-7.576244E+00    7.713518E+01   
-7.659520E+00    7.834166E+01   
-7.725191E+00    7.955975E+01   
-7.773453E+00    8.078741E+01   
-7.804537E+00    8.202262E+01   
-7.818708E+00    8.326340E+01   
-7.816261E+00    8.450778E+01   
-7.797516E+00    8.575382E+01   
-7.762817E+00    8.699957E+01   
-7.712529E+00    8.824312E+01   
-7.647034E+00    8.948254E+01   
-7.566732E+00    9.071591E+01   
-7.472035E+00    9.194128E+01   
-7.363365E+00    9.315673E+01   
-7.241157E+00    9.436031E+01   
-7.105852E+00    9.555005E+01   
-6.957898E+00    9.672396E+01   
-6.797746E+00    9.788006E+01   
-6.625855E+00    9.901631E+01   
-6.442682E+00    1.001307E+02   
-6.248690E+00    1.012211E+02   
-6.044341E+00    1.022854E+02   
-5.830096E+00    1.033216E+02   
-5.606418E+00    1.043275E+02   
-5.373768E+00    1.053011E+02   
-5.132605E+00    1.062400E+02   
-4.883388E+00    1.071423E+02   
-4.626573E+00    1.080057E+02   
-4.362614E+00    1.088281E+02   
-4.091962E+00    1.096075E+02   
-3.815066E+00    1.103418E+02   
-3.532373E+00    1.110290E+02   
-3.244328E+00    1.116671E+02   
-2.951371E+00    1.122544E+02   
-2.653944E+00    1.127889E+02   
-2.352482E+00    1.132691E+02   
-2.047422E+00    1.136936E+02   
-1.739196E+00    1.140608E+02   
-1.428236E+00    1.143696E+02   
-1.114971E+00    1.146190E+02   
-7.998315E-01    1.148082E+02   
-4.832436E-01    1.149364E+02   
-1.656342E-01    1.150033E+02   
 1.525705E-01    1.150087E+02   
 4.709449E-01    1.149525E+02   
 7.890633E-01    1.148350E+02   
 1.106500E+00    1.146566E+02   
 1.422829E+00    1.144179E+02   
 1.737623E+00    1.141197E+02   
 2.050455E+00    1.137632E+02   
 2.360896E+00    1.133494E+02   
 2.668515E+00    1.128798E+02   
 2.972881E+00    1.123558E+02   
 3.273560E+00    1.117791E+02   
 3.570116E+00    1.111515E+02   
 3.862112E+00    1.104747E+02   
 4.149109E+00    1.097507E+02   
 4.430662E+00    1.089815E+02   
 4.706328E+00    1.081692E+02   
 4.975660E+00    1.073158E+02   
 5.238208E+00    1.064233E+02   
 5.493519E+00    1.054941E+02   
 5.741140E+00    1.045300E+02   
 5.980614E+00    1.035334E+02   
 6.211483E+00    1.025062E+02   
 6.433285E+00    1.014507E+02   
 6.645561E+00    1.003688E+02   
 6.847849E+00    9.926259E+01   
 7.039685E+00    9.813419E+01   
 7.220607E+00    9.698557E+01   
 7.390156E+00    9.581873E+01   
 7.547871E+00    9.463563E+01   
 7.693298E+00    9.343824E+01   
 7.825984E+00    9.222848E+01   
 7.945483E+00    9.100828E+01   
 8.051354E+00    8.977954E+01   
 8.143167E+00    8.854416E+01   
 8.220500E+00    8.730405E+01   
 8.282944E+00    8.606109E+01   
 8.330102E+00    8.481720E+01   
 8.361595E+00    8.357429E+01   
 8.377064E+00    8.233428E+01   
 8.376167E+00    8.109911E+01   
 8.358590E+00    7.987076E+01   
 8.324044E+00    7.865122E+01   
 8.272270E+00    7.744253E+01   
 8.203045E+00    7.624674E+01   
 8.116179E+00    7.506596E+01   
 8.011525E+00    7.390233E+01   
 7.888978E+00    7.275806E+01   
 7.748483E+00    7.163538E+01   
 7.590033E+00    7.053658E+01   
 7.413679E+00    6.946399E+01   
 7.219527E+00    6.842000E+01   
 7.007748E+00    6.740702E+01   
 6.778573E+00    6.642752E+01   
 6.532306E+00    6.548399E+01   
 6.269316E+00    6.457894E+01   
 5.990048E+00    6.371490E+01   
 5.695019E+00    6.289440E+01   
 5.384818E+00    6.211993E+01   
 5.060113E+00    6.139397E+01   
 4.721645E+00    6.071894E+01   
 4.370227E+00    6.009716E+01   
 4.006746E+00    5.953088E+01   
 3.632154E+00    5.902220E+01   
 3.247472E+00    5.857307E+01   
 2.853779E+00    5.818527E+01   
 2.452211E+00    5.786036E+01   
 2.043952E+00    5.759969E+01   
 1.630230E+00    5.740436E+01   
 1.212308E+00    5.727518E+01   
 7.914760E-01    5.721271E+01   
 3.690436E-01    5.721720E+01   
-5.366889E-02    5.728862E+01   
-4.753395E-01    5.742664E+01   
-8.946532E-01    5.763065E+01   
-1.310310E+00    5.789976E+01   
-1.721035E+00    5.823282E+01   
-2.125585E+00    5.862845E+01   
-2.522756E+00    5.908503E+01   
-2.911390E+00    5.960077E+01   
-3.290384E+00    6.017369E+01   
-3.658693E+00    6.080167E+01   
-4.015333E+00    6.148249E+01   
-4.359390E+00    6.221380E+01   
-4.690020E+00    6.299322E+01   
-5.006450E+00    6.381829E+01   
-5.307983E+00    6.468654E+01   
-5.593996E+00    6.559547E+01   
-5.863939E+00    6.654258E+01   
-6.117340E+00    6.752541E+01   
-6.353796E+00    6.854149E+01   
-6.572976E+00    6.958840E+01   
-6.774620E+00    7.066374E+01   
-6.958530E+00    7.176517E+01   
-7.124573E+00    7.289039E+01   
-7.272677E+00    7.403713E+01   
-7.402823E+00    7.520317E+01   
-7.515046E+00    7.638634E+01   
-7.609432E+00    7.758450E+01   
-7.686109E+00    7.879557E+01   
-7.745250E+00    8.001747E+01   
-7.787064E+00    8.124818E+01   
-7.811796E+00    8.248570E+01   
-7.819722E+00    8.372805E+01   
-7.811146E+00    8.497328E+01   
-7.786398E+00    8.621944E+01   
-7.745830E+00    8.746460E+01   
-7.689814E+00    8.870683E+01   
-7.618740E+00    8.994421E+01   
-7.533010E+00    9.117482E+01   
-7.433041E+00    9.239671E+01   
-7.319262E+00    9.360796E+01   
-7.192108E+00    9.480659E+01   
-7.052024E+00    9.599065E+01   
-6.899458E+00    9.715814E+01   
-6.734866E+00    9.830706E+01   
-6.558706E+00    9.943537E+01   
-6.371436E+00    1.005410E+02   
-6.173520E+00    1.016219E+02   
-5.965419E+00    1.026760E+02   
-5.747595E+00    1.037011E+02   
-5.520511E+00    1.046952E+02   
-5.284627E+00    1.056561E+02   
-5.040401E+00    1.065816E+02   
-4.788292E+00    1.074696E+02   
-4.528754E+00    1.083179E+02   
-4.262241E+00    1.091245E+02   
-3.989203E+00    1.098873E+02   
-3.710089E+00    1.106042E+02   
-3.425345E+00    1.112733E+02   
-3.135413E+00    1.118926E+02   
-2.840734E+00    1.124603E+02   
-2.541749E+00    1.129748E+02   
-2.238891E+00    1.134343E+02   
-1.932598E+00    1.138375E+02   
-1.623300E+00    1.141831E+02   
-1.311428E+00    1.144698E+02   
-9.974129E-01    1.146968E+02   
-6.816819E-01    1.148632E+02   
-3.646624E-01    1.149686E+02   
-4.678073E-02    1.150125E+02   
 2.715372E-01    1.149949E+02   
 5.898657E-01    1.149158E+02   
 9.077793E-01    1.147754E+02   
 1.224852E+00    1.145744E+02   
 1.540657E+00    1.143134E+02   
 1.854769E+00    1.139933E+02   
 2.166757E+00    1.136152E+02   
 2.476194E+00    1.131804E+02   
 2.782648E+00    1.126903E+02   
 3.085687E+00    1.121464E+02   
 3.384877E+00    1.115504E+02   
 3.679781E+00    1.109042E+02   
 3.969960E+00    1.102096E+02   
 4.254974E+00    1.094685E+02   
 4.534380E+00    1.086829E+02   
 4.807732E+00    1.078550E+02   
 5.074582E+00    1.069867E+02   
 5.334479E+00    1.060803E+02   
 5.586970E+00    1.051378E+02   
 5.831600E+00    1.041613E+02   
 6.067912E+00    1.031530E+02   
 6.295447E+00    1.021150E+02   
 6.513744E+00    1.010494E+02   
 6.722342E+00    9.995816E+01   
 6.920778E+00    9.884345E+01   
 7.108590E+00    9.770726E+01   
 7.285316E+00    9.655159E+01   
 7.450497E+00    9.537845E+01   
 7.603674E+00    9.418978E+01   
 7.744392E+00    9.298754E+01   
 7.872203E+00    9.177366E+01   
 7.986661E+00    9.055004E+01   
 8.087329E+00    8.931860E+01   
 8.173780E+00    8.808123E+01   
 8.245597E+00    8.683984E+01   
 8.302374E+00    8.559631E+01   
 8.343723E+00    8.435256E+01   
 8.369269E+00    8.311050E+01   
 8.378661E+00    8.187207E+01   
 8.371567E+00    8.063922E+01   
 8.347681E+00    7.941393E+01   
 8.306727E+00    7.819820E+01   
 8.248457E+00    7.699408E+01   
 8.172660E+00    7.580365E+01   
 8.079162E+00    7.462903E+01   
 7.967832E+00    7.347238E+01   
 7.838583E+00    7.233592E+01   
 7.691376E+00    7.122189E+01   
 7.526228E+00    7.013260E+01   
 7.343207E+00    6.907042E+01   
 7.142446E+00    6.803773E+01   
 6.924135E+00    6.703697E+01   
 6.688535E+00    6.607062E+01   
 6.435972E+00    6.514117E+01   
 6.166844E+00    6.425115E+01   
 5.881622E+00    6.340308E+01   
 5.580850E+00    6.259949E+01   
 5.265148E+00    6.184286E+01   
 4.935210E+00    6.113565E+01   
 4.591804E+00    6.048025E+01   
 4.235771E+00    5.987896E+01   
 3.868023E+00    5.933396E+01   
 3.489538E+00    5.884731E+01   
 3.101359E+00    5.842090E+01   
 2.704588E+00    5.805643E+01   
 2.300379E+00    5.775538E+01   
 1.889933E+00    5.751901E+01   
 1.474492E+00    5.734831E+01   
 1.055331E+00    5.724401E+01   
 6.337467E-01    5.720654E+01   
 2.110548E-01    5.723606E+01   
-2.114229E-01    5.733242E+01   
-6.323661E-01    5.749519E+01   
-1.050464E+00    5.772364E+01   
-1.464426E+00    5.801680E+01   
-1.872987E+00    5.837341E+01   
-2.274918E+00    5.879201E+01   
-2.669032E+00    5.927092E+01   
-3.054190E+00    5.980827E+01   
-3.429311E+00    6.040201E+01   
-3.793371E+00    6.105001E+01   
-4.145413E+00    6.174997E+01   
-4.484548E+00    6.249954E+01   
-4.809958E+00    6.329631E+01   
-5.120899E+00    6.413780E+01   
-5.416702E+00    6.502154E+01   
-5.696770E+00    6.594503E+01   
-5.960584E+00    6.690578E+01   
-6.207696E+00    6.790132E+01   
-6.437732E+00    6.892920E+01   
-6.650386E+00    6.998701E+01   
-6.845423E+00    7.107237E+01   
-7.022670E+00    7.218296E+01   
-7.182015E+00    7.331648E+01   
-7.323408E+00    7.447069E+01   
-7.446850E+00    7.564338E+01   
-7.552396E+00    7.683240E+01   
-7.640147E+00    7.803563E+01   
-7.710249E+00    7.925098E+01   
-7.762889E+00    8.047641E+01   
-7.798290E+00    8.170990E+01   
-7.816708E+00    8.294946E+01   
-7.818431E+00    8.419311E+01   
-7.803773E+00    8.543892E+01   
-7.773071E+00    8.668493E+01   
-7.726687E+00    8.792922E+01   
-7.664997E+00    8.916986E+01   
-7.588399E+00    9.040494E+01   
-7.497299E+00    9.163251E+01   
-7.392119E+00    9.285066E+01   
-7.273291E+00    9.405742E+01   
-7.141253E+00    9.525084E+01   
-6.996452E+00    9.642894E+01   
-6.839340E+00    9.758973E+01   
-6.670371E+00    9.873118E+01   
-6.490006E+00    9.985127E+01   
-6.298704E+00    1.009479E+02   
-6.096928E+00    1.020190E+02   
-5.885140E+00    1.030626E+02   
-5.663802E+00    1.040763E+02   
-5.433376E+00    1.050582E+02   
-5.194321E+00    1.060061E+02   
-4.947096E+00    1.069179E+02   
-4.692158E+00    1.077913E+02   
-4.429961E+00    1.086243E+02   
-4.160957E+00    1.094148E+02   
-3.885597E+00    1.101607E+02   
-3.604327E+00    1.108599E+02   
-3.317592E+00    1.115106E+02   
-3.025835E+00    1.121109E+02   
-2.729496E+00    1.126589E+02   
-2.429013E+00    1.131530E+02   
-2.124821E+00    1.135917E+02   
-1.817354E+00    1.139735E+02   
-1.507044E+00    1.142971E+02   
-1.194321E+00    1.145617E+02   
-8.796148E-01    1.147661E+02   
-5.633524E-01    1.149098E+02   
-2.459608E-01    1.149922E+02   
 7.213365E-02    1.150131E+02   
 3.905053E-01    1.149725E+02   
 7.087286E-01    1.148704E+02   
 1.026378E+00    1.147074E+02   
 1.343027E+00    1.144838E+02   
 1.658249E+00    1.142006E+02   
 1.971618E+00    1.138587E+02   
 2.282703E+00    1.134593E+02   
 2.591076E+00    1.130036E+02   
 2.896305E+00    1.124932E+02   
 3.197956E+00    1.119297E+02   
 3.495596E+00    1.113148E+02   
 3.788786E+00    1.106502E+02   
 4.077087E+00    1.099380E+02   
 4.360057E+00    1.091800E+02   
 4.637253E+00    1.083784E+02   
 4.908228E+00    1.075352E+02   
 5.172533E+00    1.066524E+02   
 5.429715E+00    1.057322E+02   
 5.679322E+00    1.047768E+02   
 5.920898E+00    1.037882E+02   
 6.153984E+00    1.027685E+02   
 6.378121E+00    1.017200E+02   
 6.592848E+00    1.006445E+02   
 6.797703E+00    9.954428E+01   
 6.992224E+00    9.842130E+01   
 7.175947E+00    9.727760E+01   
 7.348413E+00    9.611518E+01   
 7.509162E+00    9.493600E+01   
 7.657737E+00    9.374204E+01   
 7.793684E+00    9.253522E+01   
 7.916557E+00    9.131748E+01   
 8.025913E+00    9.009072E+01   
 8.121319E+00    8.885684E+01   
 8.202350E+00    8.761774E+01   
 8.268593E+00    8.637533E+01   
 8.319650E+00    8.513149E+01   
 8.355137E+00    8.388815E+01   
 8.374687E+00    8.264722E+01   
 8.377956E+00    8.141065E+01   
 8.364622E+00    8.018039E+01   
 8.334390E+00    7.895843E+01   
 8.286992E+00    7.774680E+01   
 8.222195E+00    7.654755E+01   
 8.139803E+00    7.536278E+01   
 8.039655E+00    7.419462E+01   
 7.921637E+00    7.304525E+01   
 7.785679E+00    7.191690E+01   
 7.631764E+00    7.081185E+01   
 7.459926E+00    6.973241E+01   
 7.270258E+00    6.868096E+01   
 7.062913E+00    6.765992E+01   
 6.838108E+00    6.667172E+01   
 6.596127E+00    6.571887E+01   
 6.337324E+00    6.480386E+01   
 6.062124E+00    6.392922E+01   
 5.771024E+00    6.309747E+01   
 5.464597E+00    6.231114E+01   
 5.143490E+00    6.157269E+01   
 4.808425E+00    6.088457E+01   
 4.460199E+00    6.024912E+01   
 4.099678E+00    5.966861E+01   
 3.727800E+00    5.914519E+01   
 3.345568E+00    5.868083E+01   
 2.954047E+00    5.827738E+01   
 2.554358E+00    5.793644E+01   
 2.147676E+00    5.765943E+01   
 1.735216E+00    5.744750E+01   
 1.318235E+00    5.730154E+01   
 8.980149E-01    5.722217E+01   
 4.758626E-01    5.720974E+01   
 5.309594E-02    5.726426E+01   
-3.689625E-01    5.738550E+01   
-7.889952E-01    5.757291E+01   
-1.205698E+00    5.782567E+01   
-1.617788E+00    5.814270E+01   
-2.024013E+00    5.852266E+01   
-2.423160E+00    5.896400E+01   
-2.814057E+00    5.946497E+01   
-3.195589E+00    6.002364E+01   
-3.566692E+00    6.063792E+01   
-3.926370E+00    6.130560E+01   
-4.273690E+00    6.202438E+01   
-4.607788E+00    6.279187E+01   
-4.927875E+00    6.360564E+01   
-5.233234E+00    6.446321E+01   
-5.523223E+00    6.536210E+01   
-5.797274E+00    6.629980E+01   
-6.054896E+00    6.727383E+01   
-6.295667E+00    6.828174E+01   
-6.519240E+00    6.932108E+01   
-6.725336E+00    7.038947E+01   
-6.913742E+00    7.148453E+01   
-7.084309E+00    7.260395E+01   
-7.236950E+00    7.374546E+01   
-7.371632E+00    7.490683E+01   
-7.488378E+00    7.608588E+01   
-7.587260E+00    7.728045E+01   
-7.668397E+00    7.848845E+01   
-7.731951E+00    7.970781E+01   
-7.778121E+00    8.093648E+01   
-7.807145E+00    8.217247E+01   
-7.819289E+00    8.341379E+01   
-7.814853E+00    8.465847E+01   
-7.794159E+00    8.590458E+01   
-7.757554E+00    8.715017E+01   
-7.705406E+00    8.839333E+01   
-7.638099E+00    8.963212E+01   
-7.556033E+00    9.086461E+01   
-7.459622E+00    9.208889E+01   
