


A.  .Four_bar_3.Last_Run.theta_2.Q (deg)
B.  .Four_bar_3.Last_Run.transmission_angle.Q (deg)

       A               B         
 1.500000E+01    1.823492E+01   
 1.499737E+01    1.823432E+01   
 1.498955E+01    1.823255E+01   
 1.497652E+01    1.822960E+01   
 1.495832E+01    1.822548E+01   
 1.493496E+01    1.822020E+01   
 1.490650E+01    1.821377E+01   
 1.487297E+01    1.820622E+01   
 1.483444E+01    1.819755E+01   
 1.479095E+01    1.818779E+01   
 1.474257E+01    1.817696E+01   
 1.468939E+01    1.816508E+01   
 1.463147E+01    1.815219E+01   
 1.456889E+01    1.813830E+01   
 1.450175E+01    1.812346E+01   
 1.443014E+01    1.810769E+01   
 1.435413E+01    1.809102E+01   
 1.427383E+01    1.807349E+01   
 1.418934E+01    1.805513E+01   
 1.410074E+01    1.803597E+01   
 1.400813E+01    1.801605E+01   
 1.391161E+01    1.799540E+01   
 1.381126E+01    1.797406E+01   
 1.370719E+01    1.795206E+01   
 1.359946E+01    1.792943E+01   
 1.348818E+01    1.790621E+01   
 1.337341E+01    1.788243E+01   
 1.325524E+01    1.785812E+01   
 1.313373E+01    1.783331E+01   
 1.300895E+01    1.780804E+01   
 1.288097E+01    1.778232E+01   
 1.274984E+01    1.775620E+01   
 1.261560E+01    1.772969E+01   
 1.247830E+01    1.770282E+01   
 1.233797E+01    1.767562E+01   
 1.219465E+01    1.764811E+01   
 1.204835E+01    1.762031E+01   
 1.189909E+01    1.759225E+01   
 1.174687E+01    1.756394E+01   
 1.159170E+01    1.753541E+01   
 1.143357E+01    1.750668E+01   
 1.127246E+01    1.747776E+01   
 1.110834E+01    1.744866E+01   
 1.094119E+01    1.741942E+01   
 1.077096E+01    1.739004E+01   
 1.059761E+01    1.736054E+01   
 1.042107E+01    1.733093E+01   
 1.024129E+01    1.730124E+01   
 1.005819E+01    1.727148E+01   
 9.871691E+00    1.724166E+01   
 9.681697E+00    1.721180E+01   
 9.488111E+00    1.718191E+01   
 9.290825E+00    1.715202E+01   
 9.089720E+00    1.712214E+01   
 8.884671E+00    1.709230E+01   
 8.675540E+00    1.706250E+01   
 8.462183E+00    1.703278E+01   
 8.244443E+00    1.700315E+01   
 8.022155E+00    1.697365E+01   
 7.795141E+00    1.694429E+01   
 7.563216E+00    1.691512E+01   
 7.326181E+00    1.688616E+01   
 7.083827E+00    1.685746E+01   
 6.835932E+00    1.682904E+01   
 6.582262E+00    1.680096E+01   
 6.322571E+00    1.677326E+01   
 6.056597E+00    1.674600E+01   
 5.784067E+00    1.671924E+01   
 5.504689E+00    1.669304E+01   
 5.218159E+00    1.666747E+01   
 4.924154E+00    1.664261E+01   
 4.622333E+00    1.661856E+01   
 4.312336E+00    1.659540E+01   
 3.993783E+00    1.657325E+01   
 3.666272E+00    1.655221E+01   
 3.329377E+00    1.653242E+01   
 2.982645E+00    1.651403E+01   
 2.625598E+00    1.649717E+01   
 2.257726E+00    1.648204E+01   
 1.878486E+00    1.646881E+01   
 1.487301E+00    1.645770E+01   
 1.083550E+00    1.644894E+01   
 6.665738E-01    1.644277E+01   
 2.356612E-01    1.643948E+01   
-2.099509E-01    1.643939E+01   
-6.710851E-01    1.644282E+01   
-1.148630E+00    1.645016E+01   
-1.643550E+00    1.646183E+01   
-2.156890E+00    1.647829E+01   
-2.689791E+00    1.650005E+01   
-3.243499E+00    1.652768E+01   
-3.819381E+00    1.656183E+01   
-4.418940E+00    1.660319E+01   
-5.043837E+00    1.665256E+01   
-5.695912E+00    1.671083E+01   
-6.377210E+00    1.677900E+01   
-7.090020E+00    1.685818E+01   
-7.836903E+00    1.694963E+01   
-8.620748E+00    1.705480E+01   
-9.444824E+00    1.717531E+01   
-1.031284E+01    1.731300E+01   
-1.122905E+01    1.747003E+01   
-1.219833E+01    1.764881E+01   
-1.322630E+01    1.785219E+01   
-1.431950E+01    1.808345E+01   
-1.548559E+01    1.834642E+01   
-1.673356E+01    1.864562E+01   
-1.807407E+01    1.898637E+01   
-1.951983E+01    1.937501E+01   
-2.108615E+01    1.981916E+01   
-2.279159E+01    2.032801E+01   
-2.465886E+01    2.091274E+01   
-2.671599E+01    2.158708E+01   
-2.899788E+01    2.236799E+01   
-3.154840E+01    2.327657E+01   
-3.442304E+01    2.433919E+01   
-3.769225E+01    2.558879E+01   
-4.144522E+01    2.706612E+01   
-4.579289E+01    2.882022E+01   
-5.087934E+01    3.091128E+01   
-5.685936E+01    3.339795E+01   
-6.386688E+01    3.631754E+01   
-7.193848E+01    3.964630E+01   
-8.096543E+01    4.327621E+01   
-9.058009E+01    4.698114E+01   
-1.002831E+02    5.049967E+01   
-1.096574E+02    5.364364E+01   
-1.184574E+02    5.633056E+01   
-1.265880E+02    5.855830E+01   
-1.340436E+02    6.036628E+01   
-1.408593E+02    6.180869E+01   
-1.470848E+02    6.294098E+01   
-1.527747E+02    6.381480E+01   
-1.579745E+02    6.447454E+01   
-1.627256E+02    6.495873E+01   
-1.670664E+02    6.530038E+01   
-1.710314E+02    6.552738E+01   
-1.746506E+02    6.566312E+01   
-1.779501E+02    6.572715E+01   
-1.809520E+02    6.573580E+01   
-1.836757E+02    6.570273E+01   
-1.861378E+02    6.563938E+01   
-1.883527E+02    6.555531E+01   
-1.903329E+02    6.545849E+01   
-1.920889E+02    6.535557E+01   
-1.936301E+02    6.525209E+01   
-1.949642E+02    6.515261E+01   
-1.960979E+02    6.506088E+01   
-1.970366E+02    6.497994E+01   
-1.977849E+02    6.491220E+01   
-1.983461E+02    6.485951E+01   
-1.987230E+02    6.482323E+01   
-1.989173E+02    6.480425E+01   
-1.989298E+02    6.480302E+01   
-1.987606E+02    6.481957E+01   
-1.984090E+02    6.485351E+01   
-1.978734E+02    6.490400E+01   
-1.971512E+02    6.496975E+01   
-1.962392E+02    6.504899E+01   
-1.951330E+02    6.513937E+01   
-1.938274E+02    6.523796E+01   
-1.923159E+02    6.534110E+01   
-1.905909E+02    6.544437E+01   
-1.886436E+02    6.554237E+01   
-1.864635E+02    6.562863E+01   
-1.840386E+02    6.569539E+01   
-1.813550E+02    6.573336E+01   
-1.783966E+02    6.573143E+01   
-1.751450E+02    6.567635E+01   
-1.715789E+02    6.555231E+01   
-1.676737E+02    6.534044E+01   
-1.634013E+02    6.501826E+01   
-1.587292E+02    6.455907E+01   
-1.536206E+02    6.393124E+01   
-1.480338E+02    6.309758E+01   
-1.419232E+02    6.201495E+01   
-1.352407E+02    6.063452E+01   
-1.279406E+02    5.890350E+01   
-1.199907E+02    5.677015E+01   
-1.113933E+02    5.419499E+01   
-1.022222E+02    5.117198E+01   
-9.262374E+01    4.774228E+01   
-8.298400E+01    4.406959E+01   
-7.379061E+01    4.040066E+01   
-6.547025E+01    3.698299E+01   
-5.823171E+01    3.397026E+01   
-5.206137E+01    3.140118E+01   
-4.682535E+01    2.924189E+01   
-4.236159E+01    2.743252E+01   
-3.852323E+01    2.591235E+01   
-3.518916E+01    2.462842E+01   
-3.226569E+01    2.353816E+01   
-2.967905E+01    2.260717E+01   
-2.737092E+01    2.180786E+01   
-2.529525E+01    2.111813E+01   
-2.341556E+01    2.052033E+01   
-2.170275E+01    2.000021E+01   
-2.013337E+01    1.954622E+01   
-1.868833E+01    1.914889E+01   
-1.735195E+01    1.880039E+01   
-1.611123E+01    1.849418E+01   
-1.495528E+01    1.822479E+01   
-1.387496E+01    1.798759E+01   
-1.286253E+01    1.777863E+01   
-1.191137E+01    1.759455E+01   
-1.101582E+01    1.743243E+01   
-1.017099E+01    1.728976E+01   
-9.372642E+00    1.716435E+01   
-8.617098E+00    1.705429E+01   
-7.901131E+00    1.695790E+01   
-7.221910E+00    1.687370E+01   
-6.576942E+00    1.680038E+01   
-5.964021E+00    1.673678E+01   
-5.381191E+00    1.668185E+01   
-4.826711E+00    1.663469E+01   
-4.299027E+00    1.659444E+01   
-3.796751E+00    1.656038E+01   
-3.318637E+00    1.653182E+01   
-2.863565E+00    1.650817E+01   
-2.430531E+00    1.648887E+01   
-2.018625E+00    1.647342E+01   
-1.627028E+00    1.646137E+01   
-1.255002E+00    1.645232E+01   
-9.018748E-01    1.644589E+01   
-5.670418E-01    1.644173E+01   
-2.499537E-01    1.643954E+01   
 4.988693E-02    1.643904E+01   
 3.329306E-01    1.643995E+01   
 5.995855E-01    1.644205E+01   
 8.502211E-01    1.644512E+01   
 1.085172E+00    1.644896E+01   
 1.304739E+00    1.645340E+01   
 1.509196E+00    1.645825E+01   
 1.698787E+00    1.646339E+01   
 1.873734E+00    1.646866E+01   
 2.034233E+00    1.647395E+01   
 2.180460E+00    1.647915E+01   
 2.312571E+00    1.648415E+01   
 2.430704E+00    1.648887E+01   
 2.534979E+00    1.649324E+01   
 2.625500E+00    1.649717E+01   
 2.702356E+00    1.650062E+01   
 2.765620E+00    1.650353E+01   
 2.815353E+00    1.650587E+01   
 2.851601E+00    1.650759E+01   
 2.874398E+00    1.650869E+01   
 2.883766E+00    1.650915E+01   
 2.879713E+00    1.650895E+01   
 2.862236E+00    1.650811E+01   
 2.831317E+00    1.650662E+01   
 2.786928E+00    1.650453E+01   
 2.729028E+00    1.650184E+01   
 2.657562E+00    1.649860E+01   
 2.572461E+00    1.649485E+01   
 2.473642E+00    1.649065E+01   
 2.361007E+00    1.648606E+01   
 2.234444E+00    1.648116E+01   
 2.093820E+00    1.647603E+01   
 1.938988E+00    1.647076E+01   
 1.769779E+00    1.646547E+01   
 1.586006E+00    1.646026E+01   
 1.387456E+00    1.645528E+01   
 1.173895E+00    1.645066E+01   
 9.450613E-01    1.644656E+01   
 7.006646E-01    1.644316E+01   
 4.403840E-01    1.644065E+01   
 1.638642E-01    1.643924E+01   
-1.292871E-01    1.643916E+01   
-4.395033E-01    1.644065E+01   
-7.672625E-01    1.644399E+01   
-1.113093E+00    1.644948E+01   
-1.477576E+00    1.645746E+01   
-1.861358E+00    1.646827E+01   
-2.265147E+00    1.648232E+01   
-2.689732E+00    1.650004E+01   
-3.135983E+00    1.652192E+01   
-3.604866E+00    1.654847E+01   
-4.097453E+00    1.658028E+01   
-4.614939E+00    1.661799E+01   
-5.158651E+00    1.666233E+01   
-5.730076E+00    1.671408E+01   
-6.330876E+00    1.677413E+01   
-6.962917E+00    1.684348E+01   
-7.628303E+00    1.692322E+01   
-8.329404E+00    1.701462E+01   
-9.068911E+00    1.711909E+01   
-9.849882E+00    1.723820E+01   
-1.067581E+01    1.737379E+01   
-1.155069E+01    1.752793E+01   
-1.247915E+01    1.770299E+01   
-1.346650E+01    1.790170E+01   
-1.451897E+01    1.812726E+01   
-1.564381E+01    1.838336E+01   
-1.684957E+01    1.867433E+01   
-1.814638E+01    1.900530E+01   
-1.954632E+01    1.938233E+01   
-2.106391E+01    1.981270E+01   
-2.271674E+01    2.030515E+01   
-2.452629E+01    2.087034E+01   
-2.651907E+01    2.152126E+01   
-2.872801E+01    2.227397E+01   
-3.119446E+01    2.314843E+01   
-3.397070E+01    2.416955E+01   
-3.712327E+01    2.536855E+01   
-4.073688E+01    2.678431E+01   
-4.491844E+01    2.846444E+01   
-4.979872E+01    3.046449E+01   
-5.552567E+01    3.284202E+01   
-6.223690E+01    3.563962E+01   
-6.999684E+01    3.885111E+01   
-7.876606E+01    4.240346E+01   
-8.821583E+01    4.608834E+01   
-9.787015E+01    4.964804E+01   
-1.072870E+02    5.287465E+01   
-1.161810E+02    5.566185E+01   
-1.244257E+02    5.799109E+01   
-1.319980E+02    5.989357E+01   
-1.389246E+02    6.142037E+01   
-1.452519E+02    6.262646E+01   
-1.510339E+02    6.356412E+01   
-1.563159E+02    6.427870E+01   
-1.611397E+02    6.480983E+01   
-1.655445E+02    6.519163E+01   
-1.695656E+02    6.545298E+01   
-1.732339E+02    6.561814E+01   
-1.765758E+02    6.570741E+01   
-1.796144E+02    6.573778E+01   
-1.823693E+02    6.572345E+01   
-1.848577E+02    6.567628E+01   
-1.870942E+02    6.560623E+01   
-1.890915E+02    6.552157E+01   
-1.908605E+02    6.542924E+01   
-1.924107E+02    6.533498E+01   
-1.937500E+02    6.524353E+01   
-1.948850E+02    6.515877E+01   
-1.958214E+02    6.508386E+01   
-1.965637E+02    6.502128E+01   
-1.971154E+02    6.497295E+01   
-1.974790E+02    6.494024E+01   
-1.976563E+02    6.492404E+01   
-1.976481E+02    6.492479E+01   
-1.974544E+02    6.494247E+01   
-1.970743E+02    6.497660E+01   
-1.965060E+02    6.502624E+01   
-1.957470E+02    6.508998E+01   
-1.947935E+02    6.516585E+01   
-1.936410E+02    6.525131E+01   
-1.922840E+02    6.534315E+01   
-1.907157E+02    6.543742E+01   
-1.889280E+02    6.552929E+01   
-1.869115E+02    6.561293E+01   
-1.846553E+02    6.568133E+01   
-1.821467E+02    6.572608E+01   
-1.793710E+02    6.573714E+01   
-1.763112E+02    6.570248E+01   
-1.729478E+02    6.560778E+01   
-1.692583E+02    6.543596E+01   
-1.652167E+02    6.516664E+01   
-1.607933E+02    6.477561E+01   
-1.559541E+02    6.423416E+01   
-1.506604E+02    6.350840E+01   
-1.448692E+02    6.255879E+01   
-1.385341E+02    6.133994E+01   
-1.316084E+02    5.980150E+01   
-1.240520E+02    5.789117E+01   
-1.158468E+02    5.556209E+01   
-1.070238E+02    5.278813E+01   
-9.770679E+01    4.958980E+01   
-8.810977E+01    4.604799E+01   
-7.868740E+01    4.237210E+01   
-6.991818E+01    3.881881E+01   
-6.213460E+01    3.559703E+01   
-5.543441E+01    3.280400E+01   
-4.973821E+01    3.043950E+01   
-4.489464E+01    2.845478E+01   
-4.074857E+01    2.678895E+01   
-3.716685E+01    2.538538E+01   
-3.404182E+01    2.419617E+01   
-3.129030E+01    2.318307E+01   
-2.884685E+01    2.231532E+01   
-2.665967E+01    2.156823E+01   
-2.468767E+01    2.092198E+01   
-2.289817E+01    2.036064E+01   
-2.126494E+01    1.987131E+01   
-1.976675E+01    1.944348E+01   
-1.838624E+01    1.906847E+01   
-1.710909E+01    1.873910E+01   
-1.592341E+01    1.844935E+01   
-1.481922E+01    1.819413E+01   
-1.378810E+01    1.796915E+01   
-1.282292E+01    1.777073E+01   
-1.191758E+01    1.759571E+01   
-1.106686E+01    1.744137E+01   
-1.026624E+01    1.730534E+01   
-9.511829E+00    1.718554E+01   
-8.800219E+00    1.708018E+01   
-8.128449E+00    1.698766E+01   
-7.493922E+00    1.690657E+01   
-6.894356E+00    1.683565E+01   
-6.327741E+00    1.677380E+01   
-5.792300E+00    1.672003E+01   
-5.286463E+00    1.667344E+01   
-4.808835E+00    1.663325E+01   
-4.358178E+00    1.659873E+01   
-3.933390E+00    1.656924E+01   
-3.533491E+00    1.654419E+01   
-3.157608E+00    1.652306E+01   
-2.804962E+00    1.650537E+01   
-2.474857E+00    1.649070E+01   
-2.166677E+00    1.647864E+01   
-1.879869E+00    1.646886E+01   
-1.613943E+00    1.646102E+01   
-1.368463E+00    1.645484E+01   
-1.143045E+00    1.645005E+01   
-9.373453E-01    1.644644E+01   
-7.510653E-01    1.644378E+01   
-5.839415E-01    1.644190E+01   
-4.357452E-01    1.644062E+01   
-3.062792E-01    1.643981E+01   
-1.953756E-01    1.643934E+01   
-1.028935E-01    1.643910E+01   
-2.871792E-02    1.643902E+01   
 2.724203E-02    1.643902E+01   
 6.505404E-02    1.643905E+01   
 8.476340E-02    1.643907E+01   
 8.639359E-02    1.643908E+01   
 6.994648E-02    1.643906E+01   
 3.540244E-02    1.643902E+01   
-1.727995E-02    1.643902E+01   
-8.816438E-02    1.643908E+01   
-1.773375E-01    1.643928E+01   
-2.849101E-01    1.643970E+01   
-4.110183E-01    1.644044E+01   
-5.558249E-01    1.644163E+01   
-7.195218E-01    1.644339E+01   
-9.023321E-01    1.644589E+01   
-1.104512E+00    1.644932E+01   
-1.326355E+00    1.645388E+01   
-1.568195E+00    1.645979E+01   
-1.830410E+00    1.646731E+01   
-2.113424E+00    1.647672E+01   
-2.417720E+00    1.648834E+01   
-2.743835E+00    1.650252E+01   
-3.092376E+00    1.651963E+01   
-3.464023E+00    1.654011E+01   
-3.859539E+00    1.656441E+01   
-4.279778E+00    1.659306E+01   
-4.725701E+00    1.662663E+01   
-5.198387E+00    1.666575E+01   
-5.699046E+00    1.671113E+01   
-6.229042E+00    1.676355E+01   
-6.789913E+00    1.682387E+01   
-7.383396E+00    1.689307E+01   
-8.011453E+00    1.697224E+01   
-8.676314E+00    1.706261E+01   
-9.380514E+00    1.716554E+01   
-1.012695E+01    1.728260E+01   
-1.091892E+01    1.741555E+01   
-1.176024E+01    1.756642E+01   
-1.265529E+01    1.773750E+01   
-1.360916E+01    1.793146E+01   
-1.462776E+01    1.815136E+01   
-1.571803E+01    1.840079E+01   
-1.688811E+01    1.868390E+01   
-1.814765E+01    1.900563E+01   
-1.950817E+01    1.937179E+01   
-2.098346E+01    1.978934E+01   
-2.259023E+01    2.026663E+01   
-2.434886E+01    2.081378E+01   
-2.628438E+01    2.144315E+01   
-2.842788E+01    2.216992E+01   
-3.081826E+01    2.301293E+01   
-3.350460E+01    2.399566E+01   
-3.654921E+01    2.514746E+01   
-4.003137E+01    2.650491E+01   
-4.405125E+01    2.811298E+01   
-4.873237E+01    3.002478E+01   
-5.421759E+01    3.229729E+01   
-6.064806E+01    3.497781E+01   
-6.811049E+01    3.807480E+01   
-7.660624E+01    4.153861E+01   
-8.586804E+01    4.518946E+01   
-9.544983E+01    4.877778E+01   
-1.048935E+02    5.207988E+01   
-1.138749E+02    5.496534E+01   
-1.222337E+02    5.739715E+01   
-1.299258E+02    5.939652E+01   
-1.369679E+02    6.101047E+01   
-1.434020E+02    6.229299E+01   
-1.492814E+02    6.329685E+01   
-1.546506E+02    6.406827E+01   
-1.595520E+02    6.464797E+01   
-1.640254E+02    6.507118E+01   
-1.681071E+02    6.536785E+01   
-1.718285E+02    6.556315E+01   
-1.752171E+02    6.567817E+01   
-1.782964E+02    6.573056E+01   
-1.810865E+02    6.573508E+01   
-1.836051E+02    6.570408E+01   
-1.858670E+02    6.564790E+01   
-1.878854E+02    6.557518E+01   
